                       0                        -62.6034
                   0.003                      -62.624087
                   0.006                      -62.685372
                   0.009                      -62.784859
                   0.012                      -62.918309
                   0.015                      -63.079309
                   0.018                      -63.258861
                   0.021                      -63.445018
                   0.024                      -63.622766
                   0.027                      -63.774441
                    0.03                      -63.881004
                   0.033                      -63.924348
                   0.036                      -63.890335
                   0.039                      -63.771742
                   0.042                       -63.56995
                   0.045                      -63.294605
                   0.048                      -62.961429
                   0.051                      -62.589138
                   0.054                      -62.196594
                   0.057                      -61.800866
                    0.06                      -61.416295
                   0.063                       -61.05434
                   0.066                      -60.723875
                   0.069                       -60.43168
                   0.072                      -60.182959
                   0.075                      -59.981824
                   0.078                      -59.831691
                   0.081                      -59.735626
                   0.084                      -59.696618
                   0.087                      -59.717833
                    0.09                      -59.802842
                   0.093                       -59.95586
                   0.096                      -60.182012
                   0.099                      -60.487658
                   0.102                      -60.880804
                   0.105                      -61.371651
                   0.108                      -61.973342
                   0.111                      -62.702967
                   0.114                       -63.58286
                   0.117                      -64.642002
                    0.12                       -65.91638
                   0.123                      -67.443266
                   0.126                       -69.22914
                   0.129                      -71.119725
                   0.132                      -72.463633
                   0.135                      -72.208024
                   0.138                      -70.490235
                   0.141                      -68.379842
                   0.144                      -66.421779
                   0.147                      -64.727093
                    0.15                      -63.279554
                   0.153                      -62.041128
                   0.156                      -60.976942
                   0.159                      -60.059303
                   0.162                      -59.267009
                   0.165                      -58.583946
                   0.168                      -57.997849
                   0.171                      -57.499373
                   0.174                       -57.08142
                   0.177                      -56.738657
                    0.18                      -56.467183
                   0.183                      -56.264297
                   0.186                      -56.128346
                   0.189                      -56.058631
                   0.192                      -56.055369
                   0.195                      -56.119694
                   0.198                      -56.253718
                   0.201                       -56.46062
                   0.204                      -56.744807
                   0.207                      -57.112132
                    0.21                      -57.570178
                   0.213                       -58.12861
                   0.216                      -58.799548
                   0.219                      -59.597774
                   0.222                       -60.54024
                   0.225                      -61.643224
                   0.228                      -62.912395
                   0.231                      -64.312922
                   0.234                      -65.693318
                   0.237                      -66.667664
                    0.24                      -66.709223
                   0.243                      -65.727082
                   0.246                      -64.198427
                   0.249                      -62.574946
                   0.252                      -61.058364
                   0.255                      -59.703735
                   0.258                      -58.511476
                   0.261                      -57.466331
                   0.264                      -56.550759
                   0.267                      -55.748951
                    0.27                      -55.047691
                   0.273                      -54.436247
                   0.276                      -53.906001
                   0.279                      -53.450067
                   0.282                      -53.062965
                   0.285                       -52.74036
                   0.288                      -52.478854
                   0.291                      -52.275827
                   0.294                       -52.12931
                   0.297                      -52.037881
                     0.3                      -52.000583
                   0.303                      -52.016839
                   0.306                      -52.086371
                   0.309                      -52.209092
                   0.312                      -52.384971
                   0.315                       -52.61383
                   0.318                      -52.895029
                   0.321                      -53.226992
                   0.324                      -53.606467
                   0.327                      -54.027413
                    0.33                      -54.479401
                   0.333                      -54.945484
                   0.336                       -55.39983
                   0.339                       -55.80611
                   0.342                      -56.118728
                   0.345                      -56.289537
                   0.348                      -56.280628
                   0.351                      -56.078177
                   0.354                      -55.698248
                   0.357                      -55.179961
                    0.36                      -54.571376
                   0.363                      -53.917133
                   0.366                      -53.252286
                   0.369                      -52.601431
                   0.372                      -51.980442
                   0.375                      -51.398832
                   0.378                       -50.86183
                   0.381                      -50.371921
                   0.384                      -49.929906
                   0.387                      -49.535588
                    0.39                      -49.188206
                   0.393                      -48.886709
                   0.396                      -48.629899
                   0.399                      -48.416524
                   0.402                      -48.245304
                   0.405                       -48.11493
                   0.408                      -48.024033
                   0.411                      -47.971124
                   0.414                      -47.954513
                   0.417                      -47.972191
                    0.42                      -48.021679
                   0.423                      -48.099847
                   0.426                      -48.202679
                   0.429                      -48.325014
                   0.432                      -48.460271
                   0.435                      -48.600194
                   0.438                      -48.734718
                   0.441                      -48.852047
                   0.444                      -48.939098
                   0.447                      -48.982426
                    0.45                      -48.969635
                   0.453                       -48.89107
                   0.456                      -48.741391
                   0.459                      -48.520501
                   0.462                      -48.233506
                   0.465                      -47.889702
                   0.468                      -47.500975
                   0.471                      -47.080104
                   0.474                       -46.63938
                   0.477                      -46.189713
                    0.48                      -45.740213
                   0.483                       -45.29812
                   0.486                      -44.868946
                   0.489                      -44.456718
                   0.492                      -44.064239
                   0.495                      -43.693334
                   0.498                      -43.345059
                   0.501                      -43.019867
                   0.504                      -42.717738
                   0.507                      -42.438276
                    0.51                      -42.180769
                   0.513                      -41.944244
                   0.516                      -41.727488
                   0.519                      -41.529067
                   0.522                      -41.347332
                   0.525                      -41.180418
                   0.528                      -41.026247
                   0.531                      -40.882525
                   0.534                      -40.746749
                   0.537                      -40.616222
                    0.54                      -40.488079
                   0.543                      -40.359329
                   0.546                      -40.226922
                   0.549                      -40.087828
                   0.552                      -39.939135
                   0.555                       -39.77816
                   0.558                       -39.60257
                   0.561                      -39.410483
                   0.564                      -39.200558
                   0.567                      -38.972059
                    0.57                      -38.724865
                   0.573                      -38.459459
                   0.576                      -38.176858
                   0.579                       -37.87853
                   0.582                      -37.566285
                   0.585                      -37.242152
                   0.588                      -36.908276
                   0.591                      -36.566814
                   0.594                      -36.219856
                   0.597                      -35.869365
                     0.6                      -35.517132
                   0.603                       -35.16476
                   0.606                      -34.813648
                   0.609                      -34.464998
                   0.612                      -34.119823
                   0.615                      -33.778963
                   0.618                      -33.443104
                   0.621                      -33.112796
                   0.624                      -32.788475
                   0.627                      -32.470482
                    0.63                      -32.159079
                   0.633                      -31.854469
                   0.636                      -31.556805
                   0.639                      -31.266208
                   0.642                      -30.982776
                   0.645                      -30.706591
                   0.648                      -30.437733
                   0.651                      -30.176277
                   0.654                      -29.922307
                   0.657                      -29.675915
                    0.66                      -29.437204
                   0.663                      -29.206291
                   0.666                      -28.983308
                   0.669                      -28.768402
                   0.672                      -28.561734
                   0.675                      -28.363481
                   0.678                      -28.173832
                   0.681                      -27.992988
                   0.684                      -27.821163
                   0.687                      -27.658579
                    0.69                      -27.505465
                   0.693                      -27.362058
                   0.696                      -27.228601
                   0.699                      -27.105337
                   0.702                      -26.992514
                   0.705                       -26.89038
                   0.708                      -26.799181
                   0.711                      -26.719162
                   0.714                      -26.650565
                   0.717                      -26.593626
                    0.72                      -26.548577
                   0.723                       -26.51564
                   0.726                       -26.49503
                   0.729                      -26.486947
                   0.732                      -26.491582
                   0.735                      -26.509106
                   0.738                      -26.539671
                   0.741                      -26.583406
                   0.744                      -26.640412
                   0.747                      -26.710754
                    0.75                      -26.794458
                   0.753                        -26.8915
                   0.756                      -27.001796
                   0.759                      -27.125193
                   0.762                      -27.261452
                   0.765                      -27.410235
                   0.768                      -27.571085
                   0.771                      -27.743405
                   0.774                      -27.926435
                   0.777                      -28.119231
                    0.78                      -28.320633
                   0.783                      -28.529242
                   0.786                      -28.743399
                   0.789                      -28.961165
                   0.792                      -29.180315
                   0.795                      -29.398343
                   0.798                      -29.612488
                   0.801                      -29.819789
                   0.804                      -30.017164
                   0.807                      -30.201522
                    0.81                      -30.369908
                   0.813                      -30.519661
                   0.816                      -30.648587
                   0.819                       -30.75511
                   0.822                        -30.8384
                   0.825                       -30.89844
                   0.828                      -30.936036
                   0.831                      -30.952765
                   0.834                       -30.95086
                   0.837                       -30.93306
                    0.84                      -30.902446
                   0.843                      -30.862265
                   0.846                      -30.815785
                   0.849                      -30.766167
                   0.852                      -30.716369
                   0.855                      -30.669082
                   0.858                       -30.62669
                   0.861                       -30.59125
                   0.864                       -30.56449
                   0.867                      -30.547811
                    0.87                        -30.5423
                   0.873                      -30.548738
                   0.876                      -30.567611
                   0.879                      -30.599119
                   0.882                      -30.643176
                   0.885                      -30.699409
                   0.888                      -30.767156
                   0.891                      -30.845457
                   0.894                      -30.933043
                   0.897                      -31.028328
                     0.9                      -31.129412
                   0.903                      -31.234078
                   0.906                      -31.339817
                   0.909                      -31.443868
                   0.912                      -31.543278
                   0.915                      -31.634994
                   0.918                      -31.715984
                   0.921                      -31.783383
                   0.924                      -31.834646
                   0.927                      -31.867717
                    0.93                      -31.881165
                   0.933                      -31.874295
                   0.936                      -31.847201
                   0.939                      -31.800763
                   0.942                      -31.736578
                   0.945                      -31.656852
                   0.948                      -31.564246
                   0.951                      -31.461725
                   0.954                      -31.352389
                   0.957                      -31.239346
                    0.96                      -31.125591
                   0.963                      -31.013924
                   0.966                      -30.906895
                   0.969                      -30.806768
                   0.972                      -30.715512
                   0.975                      -30.634794
                   0.978                      -30.565993
                   0.981                      -30.510211
                   0.984                      -30.468284
                   0.987                      -30.440801
                    0.99                       -30.42811
                   0.993                      -30.430328
                   0.996                      -30.447341
                   0.999                      -30.478806
                   1.002                      -30.524146
                   1.005                      -30.582537
                   1.008                      -30.652904
                   1.011                      -30.733904
                   1.014                      -30.823919
                   1.017                      -30.921054
                    1.02                      -31.023138
                   1.023                      -31.127741
                   1.026                      -31.232215
                   1.029                      -31.333744
                   1.032                      -31.429433
                   1.035                      -31.516415
                   1.038                      -31.591981
                   1.041                      -31.653725
                   1.044                      -31.699691
                   1.047                      -31.728504
                    1.05                      -31.739474
                   1.053                      -31.732645
                   1.056                      -31.708802
                   1.059                      -31.669417
                   1.062                      -31.616553
                   1.065                       -31.55273
                   1.068                      -31.480783
                   1.071                      -31.403716
                   1.074                       -31.32457
                   1.077                      -31.246314
                    1.08                      -31.171758
                   1.083                      -31.103498
                   1.086                      -31.043877
                   1.089                      -30.994963
                   1.092                      -30.958544
                   1.095                      -30.936131
                   1.098                      -30.928963
                   1.101                      -30.938008
                   1.104                      -30.963975
                   1.107                      -31.007307
                    1.11                      -31.068178
                   1.113                      -31.146475
                   1.116                      -31.241779
                   1.119                      -31.353333
                   1.122                      -31.480004
                   1.125                      -31.620231
                   1.128                      -31.771983
                   1.131                      -31.932703
                   1.134                      -32.099273
                   1.137                      -32.267992
                    1.14                      -32.434596
                   1.143                      -32.594326
                   1.146                      -32.742077
                   1.149                      -32.872616
                   1.152                      -32.980895
                   1.155                      -33.062415
                   1.158                       -33.11362
                   1.161                      -33.132239
                   1.164                      -33.117533
                   1.167                      -33.070379
                    1.17                      -32.993185
                   1.173                      -32.889642
                   1.176                      -32.764384
                   1.179                      -32.622591
                   1.182                      -32.469626
                   1.185                      -32.310722
                   1.188                      -32.150764
                   1.191                      -31.994135
                   1.194                      -31.844651
                   1.197                      -31.705539
                     1.2                      -31.579447
                   1.203                      -31.468486
                   1.206                      -31.374266
                   1.209                      -31.297943
                   1.212                      -31.240249
                   1.215                      -31.201522
                   1.218                      -31.181715
                   1.221                      -31.180404
                   1.224                       -31.19677
                   1.227                      -31.229582
                    1.23                      -31.277163
                   1.233                      -31.337361
                   1.236                      -31.407505
                   1.239                      -31.484388
                   1.242                      -31.564258
                   1.245                      -31.642851
                   1.248                      -31.715471
                   1.251                      -31.777137
                   1.254                      -31.822805
                   1.257                      -31.847655
                    1.26                      -31.847432
                   1.263                      -31.818795
                   1.266                      -31.759621
                   1.269                      -31.669211
                   1.272                      -31.548355
                   1.275                      -31.399241
                   1.278                      -31.225233
                   1.281                      -31.030551
                   1.284                      -30.819926
                   1.287                      -30.598259
                    1.29                      -30.370348
                   1.293                      -30.140676
                   1.296                      -29.913277
                   1.299                      -29.691665
                   1.302                      -29.478811
                   1.305                      -29.277157
                   1.308                      -29.088644
                   1.311                      -28.914754
                   1.314                      -28.756551
                   1.317                       -28.61472
                    1.32                      -28.489599
                   1.323                      -28.381203
                   1.326                      -28.289241
                   1.329                      -28.213118
                   1.332                      -28.151943
                   1.335                      -28.104517
                   1.338                      -28.069324
                   1.341                      -28.044525
                   1.344                      -28.027942
                   1.347                      -28.017066
                    1.35                      -28.009063
                   1.353                      -28.000808
                   1.356                      -27.988945
                   1.359                       -27.96997
                   1.362                      -27.940355
                   1.365                      -27.896697
                   1.368                      -27.835894
                   1.371                      -27.755316
                   1.374                      -27.652978
                   1.377                      -27.527662
                    1.38                      -27.378988
                   1.383                      -27.207423
                   1.386                      -27.014214
                   1.389                       -26.80126
                   1.392                      -26.570956
                   1.395                      -26.326005
                   1.398                      -26.069238
                   1.401                      -25.803459
                   1.404                      -25.531312
                   1.407                      -25.255181
                    1.41                      -24.977132
                   1.413                      -24.698869
                   1.416                      -24.421727
                   1.419                      -24.146668
                   1.422                      -23.874304
                   1.425                       -23.60491
                   1.428                      -23.338463
                   1.431                      -23.074663
                   1.434                      -22.812974
                   1.437                      -22.552659
                    1.44                      -22.292814
                   1.443                      -22.032415
                   1.446                      -21.770355
                   1.449                      -21.505494
                   1.452                        -21.2367
                   1.455                        -20.9629
                   1.458                      -20.683121
                   1.461                      -20.396531
                   1.464                      -20.102477
                   1.467                      -19.800508
                    1.47                      -19.490398
                   1.473                      -19.172147
                   1.476                      -18.845982
                   1.479                      -18.512344
                   1.482                       -18.17186
                   1.485                      -17.825322
                   1.488                      -17.473647
                   1.491                       -17.11785
                   1.494                      -16.759003
                   1.497                      -16.398206
                     1.5                      -16.036561
                   1.503                      -15.675143
                   1.506                      -15.314988
                   1.509                       -14.95707
                   1.512                      -14.602301
                   1.515                      -14.251518
                   1.518                      -13.905482
                   1.521                       -13.56488
                   1.524                      -13.230324
                   1.527                      -12.902358
                    1.53                       -12.58146
                   1.533                      -12.268048
                   1.536                      -11.962487
                   1.539                      -11.665092
                   1.542                      -11.376135
                   1.545                      -11.095851
                   1.548                      -10.824442
                   1.551                      -10.562083
                   1.554                      -10.308923
                   1.557                      -10.065095
                    1.56                      -9.8307122
                   1.563                      -9.6058781
                   1.566                      -9.3906845
                   1.569                      -9.1852164
                   1.572                      -8.9895536
                   1.575                      -8.8037729
                   1.578                      -8.6279497
                   1.581                      -8.4621601
                   1.584                      -8.3064815
                   1.587                      -8.1609945
                    1.59                      -8.0257837
                   1.593                      -7.9009389
                   1.596                      -7.7865557
                   1.599                      -7.6827366
                   1.602                      -7.5895914
                   1.605                      -7.5072382
                   1.608                      -7.4358039
                   1.611                      -7.3754248
                   1.614                       -7.326247
                   1.617                      -7.2884274
                    1.62                      -7.2621337
                   1.623                      -7.2475455
                   1.626                      -7.2448544
                   1.629                       -7.254265
                   1.632                      -7.2759949
                   1.635                       -7.310276
                   1.638                      -7.3573547
                   1.641                      -7.4174925
                   1.644                      -7.4909669
                   1.647                      -7.5780716
                    1.65                      -7.6791176
                   1.653                      -7.7944335
                   1.656                      -7.9243661
                   1.659                      -8.0692804
                   1.662                      -8.2295605
                   1.665                      -8.4056089
                   1.668                      -8.5978464
                   1.671                      -8.8067109
                   1.674                      -9.0326563
                   1.677                      -9.2761492
                    1.68                      -9.5376657
                   1.683                      -9.8176851
                   1.686                      -10.116682
                   1.689                      -10.435116
                   1.692                      -10.773415
                   1.695                      -11.131954
                   1.698                      -11.511027
                   1.701                      -11.910809
                   1.704                      -12.331303
                   1.707                      -12.772274
                    1.71                      -13.233159
                   1.713                      -13.712951
                   1.716                      -14.210058
                   1.719                      -14.722127
                   1.722                      -15.245834
                   1.725                      -15.776663
                   1.728                      -16.308688
                   1.731                      -16.834418
                   1.734                      -17.344775
                   1.737                      -17.829324
                    1.74                      -18.276848
                   1.743                      -18.676333
                   1.746                      -19.018301
                   1.749                       -19.29625
                   1.752                      -19.507831
                   1.755                      -19.655385
                   1.758                      -19.745648
                   1.761                      -19.788739
                   1.764                      -19.796762
                   1.767                      -19.782435
                    1.77                      -19.758002
                   1.773                      -19.734567
                   1.776                      -19.721802
                   1.779                      -19.727928
                   1.782                       -19.75988
                   1.785                      -19.823546
                   1.788                      -19.924039
                   1.791                      -20.065973
                   1.794                      -20.253712
                   1.797                      -20.491619
                     1.8                      -20.784293
                   1.803                      -21.136817
                   1.806                       -21.55503
                   1.809                      -22.045847
                   1.812                      -22.617663
                   1.815                       -23.28086
                   1.818                      -24.048487
                   1.821                      -24.937137
                   1.824                      -25.968017
                   1.827                      -27.167955
                    1.83                      -28.569108
                   1.833                       -30.20259
                   1.836                       -32.06818
                   1.839                      -34.022741
                   1.842                      -35.509721
                   1.845                      -35.606055
                   1.848                      -34.292685
                   1.851                      -32.490218
                   1.854                      -30.772386
                   1.857                      -29.291217
                    1.86                      -28.050584
                   1.863                      -27.021508
                   1.866                      -26.173679
                   1.869                      -25.482147
                   1.872                      -24.927659
                   1.875                      -24.495591
                   1.878                      -24.174738
                   1.881                      -23.956153
                   1.884                      -23.832004
                   1.887                      -23.794233
                    1.89                      -23.832797
                   1.893                      -23.933165
                   1.896                      -24.072823
                   1.899                      -24.216933
                   1.902                      -24.314578
                   1.905                      -24.299519
                   1.908                      -24.101317
                   1.911                      -23.668436
                   1.914                      -22.991558
                   1.917                      -22.107642
                    1.92                      -21.080792
                   1.923                       -19.97702
                   1.926                      -18.848912
                   1.929                      -17.732116
                   1.932                      -16.648099
                   1.935                      -15.608416
                   1.938                      -14.618329
                   1.941                      -13.679357
                   1.944                      -12.790911
                   1.947                      -11.951283
                    1.95                      -11.158239
                   1.953                      -10.409353
                   1.956                      -9.7021973
                   1.959                      -9.0344467
                   1.962                      -8.4039248
                   1.965                      -7.8086263
                   1.968                      -7.2467201
                   1.971                      -6.7165446
                   1.974                       -6.216597
                   1.977                      -5.7455226
                    1.98                      -5.3021017
                   1.983                      -4.8852384
                   1.986                       -4.493949
                   1.989                      -4.1273521
                   1.992                      -3.7846596
                   1.995                      -3.4651684
                   1.998                      -3.1682533
                   2.001                       -2.893361
                   2.004                      -2.6400044
                   2.007                      -2.4077581
                    2.01                       -2.196254
                   2.013                      -2.0051786
                   2.016                      -1.8342693
                   2.019                      -1.6833125
                   2.022                      -1.5521415
                   2.025                       -1.440635
                   2.028                      -1.3487159
                   2.031                      -1.2763504
                   2.034                      -1.2235475
                   2.037                      -1.1903584
                    2.04                      -1.1768772
                   2.043                      -1.1832401
                   2.046                      -1.2096261
                   2.049                       -1.256257
                   2.052                       -1.323398
                   2.055                      -1.4113568
                   2.058                      -1.5204839
                   2.061                      -1.6511706
                   2.064                      -1.8038471
                   2.067                      -1.9789775
                    2.07                      -2.1770534
                   2.073                      -2.3985829
                   2.076                      -2.6440739
                   2.079                      -2.9140097
                   2.082                      -3.2088131
                   2.085                      -3.5287939
                   2.088                      -3.8740737
                   2.091                      -4.2444783
                   2.094                       -4.639386
                   2.097                      -5.0575163
                     2.1                      -5.4966406
                   2.103                      -5.9531985
                   2.106                      -6.4218075
                   2.109                      -6.8946836
                   2.112                      -7.3610375
                   2.115                      -7.8066078
                   2.118                      -8.2136243
                   2.121                      -8.5616106
                   2.124                      -8.8294056
                   2.127                       -8.998426
                    2.13                      -9.0564724
                   2.133                      -9.0006894
                   2.136                      -8.8383049
                   2.139                       -8.584774
                   2.142                      -8.2602455
                   2.145                       -7.885859
                   2.148                      -7.4809981
                   2.151                      -7.0618456
                   2.154                       -6.641009
                   2.157                       -6.227793
                    2.16                       -5.828754
                   2.163                      -5.4483053
                   2.166                      -5.0892594
                   2.169                      -4.7532694
                   2.172                      -4.4411665
                   2.175                      -4.1532111
                   2.178                       -3.889273
                   2.181                      -3.6489597
                   2.184                      -3.4317063
                   2.187                      -3.2368366
                    2.19                      -3.0636052
                   2.193                      -2.9112247
                   2.196                      -2.7788836
                   2.199                      -2.6657564
                   2.202                      -2.5710093
                   2.205                      -2.4938023
                   2.208                      -2.4332889
                   2.211                      -2.3886144
                   2.214                      -2.3589133
                   2.217                      -2.3433064
                    2.22                      -2.3408974
                   2.223                      -2.3507706
                   2.226                      -2.3719885
                   2.229                      -2.4035915
                   2.232                      -2.4445977
                   2.235                      -2.4940055
                   2.238                      -2.5507971
                   2.241                      -2.6139454
                   2.244                      -2.6824221
                   2.247                      -2.7552089
                    2.25                      -2.8313112
                   2.253                      -2.9097733
                   2.256                      -2.9896961
                   2.259                      -3.0702552
                   2.262                        -3.15072
                   2.265                      -3.2304716
                   2.268                      -3.3090195
                   2.271                      -3.3860155
                   2.274                       -3.461264
                   2.277                      -3.5347281
                    2.28                      -3.6065308
                   2.283                      -3.6769515
                   2.286                      -3.7464176
                   2.289                      -3.8154919
                   2.292                      -3.8848567
                   2.295                      -3.9552949
                   2.298                      -4.0276699
                   2.301                      -4.1029048
                   2.304                       -4.181961
                   2.307                      -4.2658185
                    2.31                      -4.3554566
                   2.313                      -4.4518364
                   2.316                      -4.5558844
                   2.319                       -4.668477
                   2.322                      -4.7904264
                   2.325                      -4.9224651
                   2.328                      -5.0652317
                   2.331                      -5.2192536
                   2.334                      -5.3849276
                   2.337                       -5.562498
                    2.34                      -5.7520283
                   2.343                      -5.9533688
                   2.346                      -6.1661161
                   2.349                       -6.389566
                   2.352                      -6.6226572
                   2.355                      -6.8639091
                   2.358                      -7.1113532
                   2.361                      -7.3624652
                   2.364                      -7.6141038
                   2.367                      -7.8624701
                    2.37                      -8.1031036
                   2.373                      -8.3309369
                   2.376                      -8.5404303
                   2.379                       -8.725806
                   2.382                      -8.8813841
                   2.385                      -9.0020037
                   2.388                      -9.0834816
                   2.391                      -9.1230373
                   2.394                      -9.1196004
                   2.397                      -9.0739349
                     2.4                        -8.98855
                   2.403                      -8.8674189
                   2.406                      -8.7155686
                   2.409                       -8.538621
                   2.412                      -8.3423619
                   2.415                      -8.1323887
                   2.418                      -7.9138599
                   2.421                      -7.6913444
                   2.424                      -7.4687556
                   2.427                      -7.2493472
                    2.43                      -7.0357492
                   2.433                      -6.8300266
                   2.436                      -6.6337472
                   2.439                      -6.4480499
                   2.442                      -6.2737088
                   2.445                      -6.1111896
                   2.448                      -5.9606983
                   2.451                      -5.8222219
                   2.454                      -5.6955619
                   2.457                      -5.5803612
                    2.46                      -5.4761267
                   2.463                      -5.3822473
                   2.466                      -5.2980088
                   2.469                      -5.2226071
                   2.472                      -5.1551608
                   2.475                      -5.0947221
                   2.478                      -5.0402897
                   2.481                      -4.9908211
                   2.484                      -4.9452479
                   2.487                       -4.902491
                    2.49                      -4.8614788
                   2.493                      -4.8211668
                   2.496                      -4.7805576
                   2.499                      -4.7387222
                   2.502                      -4.6948212
                   2.505                      -4.6481243
                   2.508                      -4.5980277
                   2.511                      -4.5440685
                   2.514                      -4.4859349
                   2.517                      -4.4234714
                    2.52                      -4.3566786
                   2.523                      -4.2857085
                   2.526                      -4.2108546
                   2.529                      -4.1325371
                   2.532                      -4.0512864
                   2.535                      -3.9677229
                   2.538                      -3.8825361
                   2.541                      -3.7964642
                   2.544                       -3.710274
                   2.547                      -3.6247417
                    2.55                      -3.5406375
                   2.553                      -3.4587104
                   2.556                      -3.3796776
                   2.559                      -3.3042145
                   2.562                      -3.2329481
                   2.565                      -3.1664526
                   2.568                      -3.1052457
                   2.571                      -3.0497879
                   2.574                      -3.0004819
                   2.577                      -2.9576734
                    2.58                       -2.921653
                   2.583                       -2.892658
                   2.586                      -2.8708754
                   2.589                      -2.8564443
                   2.592                      -2.8494592
                   2.595                      -2.8499734
                   2.598                      -2.8580021
                   2.601                      -2.8735258
                   2.604                      -2.8964939
                   2.607                      -2.9268285
                    2.61                      -2.9644279
                   2.613                      -3.0091706
                   2.616                      -3.0609194
                   2.619                      -3.1195259
                   2.622                      -3.1848351
                   2.625                      -3.2566901
                   2.628                      -3.3349373
                   2.631                      -3.4194321
                   2.634                      -3.5100445
                   2.637                      -3.6066648
                    2.64                      -3.7092104
                   2.643                      -3.8176316
                   2.646                      -3.9319179
                   2.649                      -4.0521052
                   2.652                      -4.1782813
                   2.655                      -4.3105926
                   2.658                      -4.4492501
                   2.661                      -4.5945351
                   2.664                       -4.746805
                   2.667                      -4.9064987
                    2.67                      -5.0741416
                   2.673                      -5.2503511
                   2.676                      -5.4358421
                   2.679                      -5.6314322
                   2.682                      -5.8380485
                   2.685                      -6.0567344
                   2.688                      -6.2886585
                   2.691                      -6.5351249
                   2.694                      -6.7975854
                   2.697                      -7.0776554
                     2.7                      -7.3771329
                   2.703                      -7.6980217
                   2.706                      -8.0425603
                   2.709                      -8.4132555
                   2.712                       -8.812924
                   2.715                      -9.2447389
                   2.718                      -9.7122828
                   2.721                      -10.219601
                   2.724                      -10.771249
                   2.727                      -11.372308
                    2.73                      -12.028333
                   2.733                       -12.74513
                   2.736                      -13.528191
                   2.739                      -14.381379
                   2.742                      -15.304107
                   2.745                      -16.285558
                   2.748                      -17.293666
                   2.751                      -18.257239
                   2.754                      -19.047611
                   2.757                      -19.489543
                    2.76                       -19.44255
                   2.763                      -18.909128
                   2.766                      -18.032657
                   2.769                      -16.988054
                   2.772                      -15.902518
                   2.775                      -14.846104
                   2.778                      -13.850322
                   2.781                      -12.925842
                   2.784                      -12.073327
                   2.787                      -11.289108
                    2.79                      -10.567944
                   2.793                      -9.9043073
                   2.796                      -9.2929332
                   2.799                      -8.7290369
                   2.802                      -8.2083613
                   2.805                      -7.7271571
                   2.808                      -7.2821341
                   2.811                      -6.8704049
                   2.814                      -6.4894296
                   2.817                      -6.1369657
                    2.82                      -5.8110238
                   2.823                      -5.5098294
                   2.826                      -5.2317909
                   2.829                      -4.9754713
                   2.832                      -4.7395652
                   2.835                      -4.5228787
                   2.838                      -4.3243123
                   2.841                      -4.1428468
                   2.844                       -3.977531
                   2.847                      -3.8274709
                    2.85                      -3.6918214
                   2.853                      -3.5697783
                   2.856                      -3.4605726
                   2.859                      -3.3634648
                   2.862                      -3.2777412
                   2.865                      -3.2027106
                   2.868                      -3.1377021
                   2.871                      -3.0820634
                   2.874                      -3.0351604
                   2.877                      -2.9963773
                    2.88                      -2.9651175
                   2.883                      -2.9408054
                   2.886                       -2.922888
                   2.889                      -2.9108387
                   2.892                      -2.9041596
                   2.895                       -2.902386
                   2.898                      -2.9050899
                   2.901                      -2.9118842
                   2.904                      -2.9224268
                   2.907                      -2.9364245
                    2.91                      -2.9536366
                   2.913                      -2.9738776
                   2.916                      -2.9970203
                   2.919                      -3.0229968
                   2.922                         -3.0518
                   2.925                      -3.0834834
                   2.928                      -3.1181602
                   2.931                       -3.156002
                   2.934                      -3.1972359
                   2.937                      -3.2421419
                    2.94                      -3.2910492
                   2.943                      -3.3443319
                   2.946                      -3.4024051
                   2.949                      -3.4657202
                   2.952                      -3.5347609
                   2.955                      -3.6100389
                   2.958                        -3.69209
                   2.961                      -3.7814712
                   2.964                       -3.878757
                   2.967                      -3.9845377
                    2.97                      -4.0994174
                   2.973                      -4.2240131
                   2.976                      -4.3589541
                   2.979                      -4.5048825
                   2.982                      -4.6624541
                   2.985                      -4.8323402
                   2.988                      -5.0152301
                   2.991                      -5.2118343
                   2.994                      -5.4228887
                   2.997                      -5.6491598
                       3                        -5.89145
