                       0                      -56.139921
                   0.003                      -56.128716
                   0.006                      -56.096058
                   0.009                      -56.044712
                   0.012                      -55.978954
                   0.015                      -55.904143
                   0.018                      -55.826259
                   0.021                       -55.75146
                   0.024                       -55.68573
                   0.027                      -55.634607
                    0.03                      -55.603018
                   0.033                      -55.595175
                   0.036                      -55.614513
                   0.039                      -55.663644
                   0.042                      -55.744298
                   0.045                      -55.857224
                   0.048                      -56.002036
                   0.051                      -56.176974
                   0.054                      -56.378581
                   0.057                       -56.60129
                    0.06                      -56.836961
                   0.063                      -57.074478
                   0.066                      -57.299574
                   0.069                      -57.495195
                   0.072                      -57.642718
                   0.075                       -57.72421
                   0.078                      -57.725486
                   0.081                      -57.639137
                   0.084                      -57.466358
                   0.087                      -57.216738
                    0.09                      -56.906131
                   0.093                      -56.553553
                   0.096                      -56.178264
                   0.099                      -55.797748
                   0.102                       -55.42672
                   0.105                      -55.076942
                   0.108                       -54.75751
                   0.111                      -54.475338
                   0.114                      -54.235686
                   0.117                       -54.04263
                    0.12                      -53.899467
                   0.123                       -53.80903
                   0.126                      -53.773949
                   0.129                       -53.79685
                   0.132                       -53.88053
                   0.135                      -54.028088
                   0.138                      -54.243038
                   0.141                      -54.529389
                   0.144                      -54.891664
                   0.147                      -55.334803
                    0.15                      -55.863831
                   0.153                      -56.483018
                   0.156                      -57.194016
                   0.159                      -57.991931
                   0.162                      -58.857515
                   0.165                      -59.743152
                   0.168                      -60.553209
                   0.171                       -61.13381
                   0.174                      -61.312446
                   0.177                      -61.004492
                    0.18                      -60.284899
                   0.183                      -59.324281
                   0.186                      -58.280116
                   0.189                      -57.252226
                   0.192                       -56.29114
                   0.195                       -55.41786
                   0.198                      -54.638368
                   0.201                      -53.951799
                   0.204                      -53.354587
                   0.207                      -52.842461
                    0.21                      -52.411366
                   0.213                      -52.057872
                   0.216                      -51.779341
                   0.219                         -51.574
                   0.222                      -51.440973
                   0.225                      -51.380328
                   0.228                      -51.393137
                   0.231                      -51.481591
                   0.234                      -51.649179
                   0.237                      -51.900957
                    0.24                      -52.243962
                   0.243                      -52.687832
                   0.246                      -53.245776
                   0.249                      -53.936109
                   0.252                      -54.784797
                   0.255                      -55.829913
                   0.258                       -57.12998
                   0.261                       -58.78109
                   0.264                      -60.956651
                   0.267                      -64.017316
                    0.27                      -68.900616
                   0.273                      -77.635498
                   0.276                      -71.245522
                   0.279                      -65.085586
                   0.282                      -61.402699
                   0.285                      -58.819453
                   0.288                       -56.85213
                   0.291                      -55.282712
                   0.294                      -53.995289
                   0.297                      -52.921238
                     0.3                      -52.016807
                   0.303                        -51.2526
                   0.306                      -50.608119
                   0.309                      -50.068708
                   0.312                      -49.623751
                   0.315                       -49.26555
                   0.318                      -48.988623
                   0.321                      -48.789241
                   0.324                      -48.665148
                   0.327                      -48.615387
                    0.33                      -48.640228
                   0.333                      -48.741163
                   0.336                       -48.92099
                   0.339                      -49.183968
                   0.342                      -49.536071
                   0.345                      -49.985366
                   0.348                      -50.542532
                   0.351                      -51.221555
                   0.354                      -52.040552
                   0.357                       -53.02247
                    0.36                      -54.194551
                   0.363                      -55.582611
                   0.366                      -57.186284
                   0.369                      -58.892883
                   0.372                      -60.265796
                   0.375                      -60.490977
                   0.378                      -59.320834
                   0.381                      -57.495195
                   0.384                      -55.644798
                   0.387                      -53.985043
                    0.39                      -52.546451
                   0.393                      -51.308876
                   0.396                      -50.244185
                   0.399                      -49.327191
                   0.402                      -48.537552
                   0.405                       -47.85935
                   0.408                      -47.280252
                   0.411                      -46.790728
                   0.414                      -46.383441
                   0.417                       -46.05278
                    0.42                      -45.794517
                   0.423                      -45.605548
                   0.426                      -45.483704
                   0.429                      -45.427594
                   0.432                      -45.436482
                   0.435                      -45.510152
                   0.438                      -45.648763
                   0.441                      -45.852638
                   0.444                      -46.121939
                   0.447                       -46.45613
                    0.45                      -46.853089
                   0.453                      -47.307632
                   0.456                       -47.80915
                   0.459                      -48.338064
                   0.462                      -48.861213
                   0.465                      -49.327673
                   0.468                      -49.669327
                   0.471                      -49.812927
                   0.474                      -49.705662
                   0.477                      -49.340805
                    0.48                      -48.761241
                   0.483                      -48.037382
                   0.486                      -47.239651
                   0.489                      -46.422871
                   0.492                      -45.623514
                   0.495                      -44.863243
                   0.498                      -44.153622
                   0.501                      -43.499942
                   0.504                      -42.903824
                   0.507                      -42.364849
                    0.51                      -41.881527
                   0.513                      -41.451858
                   0.516                      -41.073634
                   0.519                      -40.744598
                   0.522                       -40.46251
                   0.525                       -40.22515
                   0.528                      -40.030291
                   0.531                      -39.875636
                   0.534                      -39.758731
                   0.537                      -39.676858
                    0.54                      -39.626897
                   0.543                       -39.60517
                   0.546                      -39.607258
                   0.549                      -39.627821
                   0.552                      -39.660415
                   0.555                      -39.697377
                   0.558                      -39.729808
                   0.561                      -39.747747
                   0.564                      -39.740605
                   0.567                      -39.697899
                    0.57                      -39.610249
                   0.573                      -39.470494
                   0.576                      -39.274661
                   0.579                      -39.022524
                   0.582                      -38.717573
                   0.585                      -38.366384
                   0.588                      -37.977617
                   0.591                      -37.560893
                   0.594                      -37.125806
                   0.597                      -36.681212
                     0.6                      -36.234814
                   0.603                         -35.793
                   0.606                      -35.360855
                   0.609                      -34.942278
                   0.612                      -34.540144
                   0.615                      -34.156475
                   0.618                      -33.792595
                   0.621                      -33.449275
                   0.624                       -33.12684
                   0.627                      -32.825262
                    0.63                      -32.544232
                   0.633                      -32.283212
                   0.636                      -32.041478
                   0.639                      -31.818147
                   0.642                      -31.612206
                   0.645                      -31.422521
                   0.648                       -31.24786
                   0.651                      -31.086904
                   0.654                      -30.938257
                   0.657                      -30.800465
                    0.66                      -30.672034
                   0.663                      -30.551447
                   0.666                      -30.437194
                   0.669                      -30.327797
                   0.672                      -30.221846
                   0.675                      -30.118029
                   0.678                      -30.015171
                   0.681                       -29.91227
                   0.684                      -29.808524
                   0.687                      -29.703359
                    0.69                      -29.596446
                   0.693                      -29.487711
                   0.696                      -29.377334
                   0.699                      -29.265735
                   0.702                      -29.153557
                   0.705                      -29.041638
                   0.708                      -28.930978
                   0.711                      -28.822703
                   0.714                      -28.718029
                   0.717                      -28.618229
                    0.72                      -28.524597
                   0.723                      -28.438426
                   0.726                      -28.360975
                   0.729                      -28.293459
                   0.732                      -28.237028
                   0.735                      -28.192755
                   0.738                      -28.161632
                   0.741                      -28.144555
                   0.744                      -28.142328
                   0.747                      -28.155646
                    0.75                      -28.185101
                   0.753                      -28.231162
                   0.756                      -28.294175
                   0.759                      -28.374344
                   0.762                      -28.471712
                   0.765                      -28.586146
                   0.768                      -28.717298
                   0.771                      -28.864579
                   0.774                      -29.027113
                   0.777                      -29.203694
                    0.78                      -29.392726
                   0.783                      -29.592176
                   0.786                      -29.799521
                   0.789                      -30.011705
                   0.792                      -30.225125
                   0.795                      -30.435648
                   0.798                      -30.638684
                   0.801                       -30.82933
                   0.804                      -31.002588
                   0.807                      -31.153663
                    0.81                      -31.278321
                   0.813                      -31.373255
                   0.816                      -31.436413
                   0.819                      -31.467227
                   0.822                      -31.466689
                   0.825                      -31.437262
                   0.828                      -31.382648
                   0.831                      -31.307458
                   0.834                      -31.216834
                   0.837                      -31.116102
                    0.84                      -31.010478
                   0.843                      -30.904843
                   0.846                      -30.803612
                   0.849                      -30.710652
                   0.852                      -30.629264
                   0.855                      -30.562193
                   0.858                      -30.511661
                   0.861                      -30.479398
                   0.864                      -30.466685
                   0.867                      -30.474379
                    0.87                      -30.502932
                   0.873                      -30.552394
                   0.876                      -30.622404
                   0.879                      -30.712161
                   0.882                      -30.820388
                   0.885                      -30.945273
                   0.888                       -31.08441
                   0.891                      -31.234732
                   0.894                      -31.392461
                   0.897                       -31.55308
                     0.9                      -31.711358
                   0.903                      -31.861457
                   0.906                      -31.997134
                   0.909                      -32.112073
                   0.912                      -32.200322
                   0.915                      -32.256806
                   0.918                      -32.277843
                   0.921                       -32.26156
                   0.924                      -32.208123
                   0.927                      -32.119719
                    0.93                      -32.000308
                   0.933                      -31.855186
                   0.936                      -31.690471
                   0.939                      -31.512594
                   0.942                      -31.327874
                   0.945                      -31.142212
                   0.948                      -30.960893
                   0.951                      -30.788501
                   0.954                      -30.628903
                   0.957                      -30.485283
                    0.96                      -30.360202
                   0.963                       -30.25567
                   0.966                      -30.173211
                   0.969                      -30.113923
                   0.972                      -30.078527
                   0.975                      -30.067397
                   0.978                      -30.080577
                   0.981                      -30.117781
                   0.984                      -30.178379
                   0.987                      -30.261361
                    0.99                      -30.365297
                   0.993                      -30.488273
                   0.996                      -30.627823
                   0.999                      -30.780857
                   1.002                      -30.943599
                   1.005                      -31.111549
                   1.008                       -31.27949
                   1.011                      -31.441574
                   1.014                      -31.591507
                   1.017                      -31.722856
                    1.02                      -31.829476
                   1.023                      -31.906024
                   1.026                      -31.948489
                   1.029                      -31.954649
                   1.032                      -31.924339
                   1.035                      -31.859487
                   1.038                      -31.763894
                   1.041                      -31.642815
                   1.044                      -31.502443
                   1.047                       -31.34938
                    1.05                      -31.190191
                   1.053                      -31.031068
                   1.056                      -30.877618
                   1.059                      -30.734761
                   1.062                      -30.606707
                   1.065                      -30.496988
                   1.068                      -30.408517
                   1.071                      -30.343662
                   1.074                      -30.304315
                   1.077                      -30.291956
                    1.08                      -30.307695
                   1.083                      -30.352307
                   1.086                      -30.426236
                   1.089                       -30.52958
                   1.092                      -30.662053
                   1.095                      -30.822912
                   1.098                      -31.010854
                   1.101                      -31.223874
                   1.104                      -31.459084
                   1.107                      -31.712501
                    1.11                      -31.978811
                   1.113                      -32.251158
                   1.116                      -32.520999
                   1.119                      -32.778142
                   1.122                      -33.011063
                   1.125                      -33.207631
                   1.128                      -33.356261
                   1.131                      -33.447395
                   1.134                      -33.474989
                   1.137                      -33.437588
                    1.14                      -33.338618
                   1.143                      -33.185792
                   1.146                       -32.98984
                   1.149                       -32.76298
                   1.152                      -32.517533
                   1.155                       -32.26492
                   1.158                      -32.015093
                   1.161                      -31.776331
                   1.164                      -31.555289
                   1.167                      -31.357166
                    1.17                      -31.185943
                   1.173                      -31.044607
                   1.176                       -30.93535
                   1.179                      -30.859736
                   1.182                      -30.818816
                   1.185                      -30.813204
                   1.188                      -30.843114
                   1.191                      -30.908348
                   1.194                      -31.008249
                   1.197                      -31.141598
                     1.2                       -31.30646
                   1.203                      -31.499971
                   1.206                      -31.718061
                   1.209                      -31.955129
                   1.212                      -32.203689
                   1.215                      -32.454068
                   1.218                      -32.694271
                   1.221                      -32.910199
                   1.224                      -33.086422
                   1.227                      -33.207653
                    1.23                      -33.260819
                   1.233                      -33.237316
                   1.236                      -33.134715
                   1.239                      -32.957282
                   1.242                      -32.715069
                   1.245                      -32.421971
                   1.248                      -32.093463
                   1.251                      -31.744664
                   1.254                      -31.389078
                   1.257                      -31.037991
                    1.26                      -30.700379
                   1.263                      -30.383107
                   1.266                      -30.091258
                   1.269                      -29.828483
                   1.272                      -29.597316
                   1.275                      -29.399438
                   1.278                      -29.235876
                   1.281                      -29.107147
                   1.284                      -29.013352
                   1.287                      -28.954227
                    1.29                      -28.929152
                   1.293                      -28.937127
                   1.296                       -28.97671
                   1.299                       -29.04592
                   1.302                      -29.142102
                   1.305                      -29.261761
                   1.308                      -29.400372
                   1.311                      -29.552178
                   1.314                      -29.710028
                   1.317                        -29.8653
                    1.32                      -30.008002
                   1.323                      -30.127146
                   1.326                      -30.211473
                   1.329                      -30.250521
                   1.332                      -30.235916
                   1.335                      -30.162598
                   1.338                      -30.029643
                   1.341                      -29.840404
                   1.344                      -29.601923
                   1.347                       -29.32382
                    1.35                      -29.016984
                   1.353                      -28.692394
                   1.356                      -28.360258
                   1.359                      -28.029508
                   1.362                      -27.707609
                   1.365                      -27.400573
                   1.368                      -27.113103
                   1.371                      -26.848782
                   1.374                      -26.610272
                   1.377                      -26.399494
                    1.38                      -26.217782
                   1.383                      -26.066003
                   1.386                      -25.944644
                   1.389                      -25.853873
                   1.392                      -25.793575
                   1.395                       -25.76336
                   1.398                      -25.762549
                   1.401                      -25.790136
                   1.404                      -25.844733
                   1.407                      -25.924479
                    1.41                      -26.026934
                   1.413                      -26.148948
                   1.416                      -26.286511
                   1.419                      -26.434607
                   1.422                      -26.587085
                   1.425                      -26.736598
                   1.428                      -26.874662
                   1.431                      -26.991887
                   1.434                       -27.07846
                   1.437                      -27.124869
                    1.44                      -27.122821
                   1.443                      -27.066194
                   1.446                      -26.951799
                   1.449                      -26.779738
                   1.452                      -26.553254
                   1.455                      -26.278097
                   1.458                      -25.961617
                   1.461                      -25.611788
                   1.464                      -25.236383
                   1.467                      -24.842376
                    1.47                      -24.435611
                   1.473                      -24.020674
                   1.476                      -23.600932
                   1.479                      -23.178659
                   1.482                       -22.75521
                   1.485                      -22.331216
                   1.488                      -21.906768
                   1.491                      -21.481601
                   1.494                      -21.055246
                   1.497                      -20.627171
                     1.5                      -20.196886
                   1.503                      -19.764039
                   1.506                       -19.32847
                   1.509                      -18.890256
                   1.512                      -18.449716
                   1.515                      -18.007413
                   1.518                      -17.564125
                   1.521                      -17.120815
                   1.524                      -16.678583
                   1.527                      -16.238627
                    1.53                      -15.802194
                   1.533                      -15.370545
                   1.536                      -14.944914
                   1.539                      -14.526488
                   1.542                       -14.11638
                   1.545                      -13.715617
                   1.548                      -13.325135
                   1.551                      -12.945767
                   1.554                      -12.578251
                   1.557                      -12.223231
                    1.56                      -11.881258
                   1.563                      -11.552802
                   1.566                      -11.238254
                   1.569                      -10.937938
                   1.572                      -10.652114
                   1.575                      -10.380987
                   1.578                      -10.124713
                   1.581                      -9.8834039
                   1.584                      -9.6571364
                   1.587                      -9.4459522
                    1.59                      -9.2498648
                   1.593                      -9.0688625
                   1.596                      -8.9029111
                   1.599                      -8.7519567
                   1.602                      -8.6159281
                   1.605                      -8.4947377
                   1.608                      -8.3882836
                   1.611                        -8.29645
                   1.614                      -8.2191082
                   1.617                      -8.1561169
                    1.62                      -8.1073224
                   1.623                      -8.0725588
                   1.626                      -8.0516479
                   1.629                      -8.0443988
                   1.632                      -8.0506078
                   1.635                      -8.0700583
                   1.638                      -8.1025204
                   1.641                      -8.1477512
                   1.644                      -8.2054943
                   1.647                      -8.2754809
                    1.65                        -8.35743
                   1.653                      -8.4510496
                   1.656                      -8.5560384
                   1.659                      -8.6720877
                   1.662                      -8.7988846
                   1.665                      -8.9361154
                   1.668                      -9.0834696
                   1.671                      -9.2406459
                   1.674                      -9.4073574
                   1.677                      -9.5833394
                    1.68                      -9.7683565
                   1.683                      -9.9622117
                   1.686                      -10.164755
                   1.689                      -10.375894
                   1.692                      -10.595603
                   1.695                      -10.823932
                   1.698                      -11.061019
                   1.701                      -11.307096
                   1.704                      -11.562501
                   1.707                      -11.827681
                    1.71                      -12.103202
                   1.713                      -12.389753
                   1.716                      -12.688147
                   1.719                      -12.999329
                   1.722                      -13.324369
                   1.725                       -13.66447
                   1.728                      -14.020957
                   1.731                      -14.395281
                   1.734                      -14.789006
                   1.737                      -15.203804
                    1.74                      -15.641439
                   1.743                      -16.103744
                   1.746                      -16.592588
                   1.749                      -17.109827
                   1.752                      -17.657216
                   1.755                      -18.236295
                   1.758                      -18.848191
                   1.761                      -19.493334
                   1.764                      -20.171027
                   1.767                      -20.878803
                    1.77                      -21.611534
                   1.773                      -22.360221
                   1.776                       -23.11056
                   1.779                      -23.841579
                   1.782                      -24.525114
                   1.785                      -25.127402
                   1.788                      -25.614105
                   1.791                      -25.958656
                   1.794                      -26.150969
                   1.797                      -26.201596
                     1.8                      -26.138564
                   1.803                      -25.999061
                   1.806                       -25.82085
                   1.809                      -25.636799
                   1.812                       -25.47296
                   1.815                      -25.348976
                   1.818                      -25.279504
                   1.821                      -25.275798
                   1.824                      -25.347129
                   1.827                      -25.501924
                    1.83                      -25.748688
                   1.833                      -26.096742
                   1.836                      -26.556799
                   1.839                      -27.141283
                   1.842                      -27.864014
                   1.845                      -28.738131
                   1.848                      -29.769186
                   1.851                      -30.935486
                   1.854                      -32.139189
                   1.857                      -33.119353
                    1.86                      -33.438937
                   1.863                      -32.821149
                   1.866                      -31.503668
                   1.869                      -29.928666
                   1.872                      -28.374866
                   1.875                      -26.950272
                   1.878                       -25.68041
                   1.881                      -24.560796
                   1.884                      -23.578404
                   1.887                      -22.719334
                    1.89                      -21.971226
                   1.893                       -21.32379
                   1.896                      -20.768707
                   1.899                       -20.29935
                   1.902                      -19.910462
                   1.905                      -19.597845
                   1.908                      -19.358043
                   1.911                      -19.187997
                   1.914                      -19.084618
                   1.917                      -19.044205
                    1.92                      -19.061621
                   1.923                      -19.129094
                   1.926                      -19.234527
                   1.929                      -19.359285
                   1.932                      -19.475762
                   1.935                      -19.545803
                   1.938                      -19.522133
                   1.941                      -19.355509
                   1.944                      -19.007945
                   1.947                      -18.466556
                    1.95                      -17.748703
                   1.953                      -16.894331
                   1.956                      -15.951472
                   1.959                       -14.96405
                   1.962                       -13.96608
                   1.965                       -12.98107
                   1.968                      -12.023887
                   1.971                      -11.103162
                   1.974                      -10.223346
                   1.977                      -9.3862366
                    1.98                      -8.5920122
                   1.983                      -7.8399063
                   1.986                      -7.1286366
                   1.989                      -6.4566704
                   1.992                      -5.8223858
                   1.995                      -5.2241688
                   1.998                      -4.6604679
                   2.001                      -4.1298241
                   2.004                      -3.6308852
                   2.007                       -3.162411
                    2.01                      -2.7232719
                   2.013                      -2.3124459
                   2.016                      -1.9290131
                   2.019                      -1.5721495
                   2.022                      -1.2411211
                   2.025                     -0.93527811
                   2.028                     -0.65404941
                   2.031                     -0.39693759
                   2.034                     -0.16351467
                   2.037                      0.04658183
                    2.04                      0.23365211
                   2.043                      0.39793692
                   2.046                      0.53961985
                   2.049                       0.6588292
                   2.052                      0.75563945
                   2.055                      0.83007236
                   2.058                       0.8820978
                   2.061                      0.91163433
                   2.064                      0.91854962
                   2.067                      0.90266085
                    2.07                      0.86373518
                   2.073                      0.80149055
                   2.076                        0.715597
                   2.079                        0.605679
                   2.082                       0.4713192
                   2.085                      0.31206452
                   2.088                      0.12743544
                   2.091                    -0.083059739
                   2.094                     -0.31990376
                   2.097                     -0.58353913
                     2.1                     -0.87432265
                   2.103                      -1.1924596
                   2.106                      -1.5379094
                   2.109                      -1.9102519
                   2.112                      -2.3084995
                   2.115                      -2.7308382
                   2.118                      -3.1742777
                   2.121                      -3.6341973
                   2.124                      -4.1037881
                   2.127                      -4.5734355
                    2.13                      -5.0301612
                   2.133                      -5.4573702
                   2.136                      -5.8352819
                   2.139                      -6.1424782
                   2.142                      -6.3587786
                   2.145                      -6.4690395
                   2.148                      -6.4666762
                   2.151                      -6.3553715
                   2.154                      -6.1481145
                   2.157                      -5.8640593
                    2.16                      -5.5246505
                   2.163                      -5.1503995
                   2.166                      -4.7589487
                   2.169                      -4.3643546
                   2.172                      -3.9771841
                   2.175                      -3.6050135
                   2.178                      -3.2530445
                   2.181                      -2.9246848
                   2.184                      -2.6220318
                   2.187                      -2.3462499
                    2.19                      -2.0978514
                   2.193                         -1.8769
                   2.196                      -1.6831553
                   2.199                      -1.5161733
                   2.202                      -1.3753741
                   2.205                      -1.2600874
                   2.208                      -1.1695811
                   2.211                      -1.1030765
                   2.214                      -1.0597564
                   2.217                      -1.0387656
                    2.22                      -1.0392061
                   2.223                      -1.0601292
                   2.226                      -1.1005241
                   2.229                      -1.1593045
                   2.232                       -1.235293
                   2.235                      -1.3272057
                   2.238                      -1.4336357
                   2.241                      -1.5530386
                   2.244                      -1.6837203
                   2.247                      -1.8238301
                    2.25                      -1.9713599
                   2.253                      -2.1241531
                   2.256                      -2.2799263
                   2.259                      -2.4363043
                   2.262                      -2.5908718
                   2.265                      -2.7412421
                   2.268                      -2.8851391
                   2.271                      -3.0204915
                   2.274                      -3.1455297
                   2.277                      -3.2588793
                    2.28                      -3.3596393
                   2.283                      -3.4474374
                   2.286                       -3.522455
                   2.289                      -3.5854179
                   2.292                      -3.6375552
                   2.295                      -3.6805301
                   2.298                      -3.7163522
                   2.301                      -3.7472792
                   2.304                       -3.775719
                   2.307                       -3.804139
                    2.31                      -3.8349874
                   2.313                      -3.8706307
                   2.316                      -3.9133057
                   2.319                      -3.9650873
                   2.322                      -4.0278675
                   2.325                      -4.1033443
                   2.328                      -4.1930164
                   2.331                      -4.2981823
                   2.334                      -4.4199389
                   2.337                      -4.5591798
                    2.34                      -4.7165885
                   2.343                      -4.8926275
                   2.346                      -5.0875177
                   2.349                      -5.3012099
                   2.352                       -5.533344
                   2.355                      -5.7831955
                   2.358                      -6.0496076
                   2.361                      -6.3309102
                   2.364                      -6.6248262
                   2.367                       -6.928372
                    2.37                      -7.2377626
                   2.373                      -7.5483394
                   2.376                      -7.8545472
                   2.379                      -8.1499967
                   2.382                      -8.4276487
                   2.385                      -8.6801542
                   2.388                      -8.9003576
                   2.391                       -9.081928
                   2.394                      -9.2200335
                   2.397                      -9.3119264
                     2.4                      -9.3573031
                   2.403                      -9.3583434
                   2.406                      -9.3194183
                   2.409                      -9.2465433
                   2.412                       -9.146708
                   2.415                      -9.0272195
                   2.418                      -8.8951572
                   2.421                      -8.7569867
                   2.424                      -8.6183323
                   2.427                      -8.4838802
                    2.43                      -8.3573745
                   2.433                      -8.2416691
                   2.436                      -8.1388064
                   2.439                      -8.0501032
                   2.442                      -7.9762309
                   2.445                      -7.9172848
                   2.448                      -7.8728391
                   2.451                      -7.8419899
                   2.454                      -7.8233881
                   2.457                      -7.8152669
                    2.46                      -7.8154678
                   2.463                      -7.8214734
                   2.466                      -7.8304509
                   2.469                      -7.8393149
                   2.472                      -7.8448129
                   2.475                      -7.8436373
                   2.478                       -7.832563
                   2.481                      -7.8086034
                   2.484                      -7.7691752
                   2.487                      -7.7122525
                    2.49                      -7.6364949
                   2.493                       -7.541329
                   2.496                      -7.4269734
                   2.499                      -7.2944014
                   2.502                      -7.1452501
                   2.505                      -6.9816862
                   2.508                      -6.8062499
                   2.511                      -6.6216939
                   2.514                      -6.4308345
                   2.517                      -6.2364252
                    2.52                      -6.0410586
                   2.523                      -5.8470974
                   2.526                      -5.6566326
                   2.529                      -5.4714623
                   2.532                      -5.2930889
                   2.535                      -5.1227277
                   2.538                      -4.9613229
                   2.541                      -4.8095686
                   2.544                      -4.6679318
                   2.547                      -4.5366753
                    2.55                      -4.4158805
                   2.553                      -4.3054684
                   2.556                      -4.2052199
                   2.559                      -4.1147946
                   2.562                      -4.0337487
                   2.565                      -3.9615523
                   2.568                      -3.8976062
                   2.571                      -3.8412591
                   2.574                      -3.7918245
                   2.577                      -3.7485989
                    2.58                      -3.7108795
                   2.583                      -3.6779828
                   2.586                      -3.6492631
                   2.589                      -3.6241308
                   2.592                      -3.6020695
                   2.595                      -3.5826523
                   2.598                      -3.5655556
                   2.601                      -3.5505702
                   2.604                      -3.5376093
                   2.607                      -3.5267137
                    2.61                      -3.5180522
                   2.613                      -3.5119194
                   2.616                      -3.5087291
                   2.619                      -3.5090065
                   2.622                      -3.5133758
                   2.625                      -3.5225483
                   2.628                      -3.5373084
                   2.631                      -3.5584996
                   2.634                       -3.587011
                   2.637                      -3.6237649
                    2.64                      -3.6697055
                   2.643                      -3.7257889
                   2.646                      -3.7929757
                   2.649                      -3.8722247
                   2.652                      -3.9644885
                   2.655                      -4.0707108
                   2.658                      -4.1918256
                   2.661                      -4.3287569
                   2.664                      -4.4824207
                   2.667                       -4.653727
                    2.67                      -4.8435831
                   2.673                      -5.0528979
                   2.676                      -5.2825861
                   2.679                      -5.5335735
                   2.682                      -5.8068021
                   2.685                      -6.1032364
                   2.688                      -6.4238687
                   2.691                      -6.7697257
                   2.694                      -7.1418748
                   2.697                      -7.5414302
                     2.7                        -7.96956
                   2.703                      -8.4274922
                   2.706                      -8.9165218
                   2.709                      -9.4380169
                   2.712                      -9.9934262
                   2.715                      -10.584285
                   2.718                      -11.212224
                   2.721                      -11.878976
                   2.724                      -12.586385
                   2.727                      -13.336421
                    2.73                      -14.131193
                   2.733                      -14.972968
                   2.736                      -15.864193
                   2.739                      -16.807511
                   2.742                      -17.805741
                   2.745                      -18.861759
                   2.748                       -19.97811
                   2.751                      -21.155947
                   2.754                      -22.392396
                   2.757                      -23.674413
                    2.76                      -24.965483
                   2.763                      -26.180836
                   2.766                      -27.156657
                   2.769                      -27.658911
                   2.772                      -27.508083
                   2.775                      -26.741858
                   2.778                      -25.578434
                   2.781                      -24.240084
                   2.784                      -22.866364
                   2.787                      -21.525244
                    2.79                      -20.244403
                   2.793                      -19.032483
                   2.796                      -17.889952
                   2.799                      -16.814073
                   2.802                       -15.80106
                   2.805                      -14.846967
                   2.808                       -13.94803
                   2.811                      -13.100773
                   2.814                      -12.302028
                   2.817                      -11.548912
                    2.82                      -10.838799
                   2.823                      -10.169289
                   2.826                      -9.5381831
                   2.829                      -8.9434594
                   2.832                      -8.3832507
                   2.835                      -7.8558282
                   2.838                      -7.3595856
                   2.841                      -6.8930256
                   2.844                      -6.4547476
                   2.847                       -6.043437
                    2.85                      -5.6578554
                   2.853                       -5.296832
                   2.856                      -4.9592556
                   2.859                      -4.6440673
                   2.862                      -4.3502546
                   2.865                      -4.0768455
                   2.868                      -3.8229039
                   2.871                      -3.5875247
                   2.874                      -3.3698312
                   2.877                      -3.1689714
                    2.88                      -2.9841164
                   2.883                      -2.8144591
                   2.886                      -2.6592134
                   2.889                      -2.5176145
                   2.892                      -2.3889199
                   2.895                      -2.2724117
                   2.898                      -2.1673983
                   2.901                      -2.0732189
                   2.904                      -1.9892468
                   2.907                      -1.9148942
                    2.91                      -1.8496177
                   2.913                      -1.7929235
                   2.916                      -1.7443731
                   2.919                       -1.703589
                   2.922                        -1.67026
                   2.925                      -1.6441459
                   2.928                      -1.6250824
                   2.931                      -1.6129842
                   2.934                      -1.6078473
                   2.937                      -1.6097515
                    2.94                      -1.6188598
                   2.943                      -1.6354189
                   2.946                      -1.6597572
                   2.949                      -1.6922827
                   2.952                      -1.7334804
                   2.955                      -1.7839087
                   2.958                      -1.8441961
                   2.961                      -1.9150381
                   2.964                      -1.9971937
                   2.967                      -2.0914834
                    2.97                      -2.1987872
                   2.973                      -2.3200443
                   2.976                      -2.4562535
                   2.979                      -2.6084756
                   2.982                      -2.7778369
                   2.985                      -2.9655351
                   2.988                      -3.1728473
                   2.991                      -3.4011399
                   2.994                      -3.6518822
                   2.997                      -3.9266621
                       3                      -4.2272069
