                       0                      -54.888227
                   0.003                      -54.876988
                   0.006                      -54.844534
                   0.009                      -54.794486
                   0.012                      -54.732365
                   0.015                      -54.664956
                   0.018                      -54.599627
                   0.021                       -54.54371
                   0.024                      -54.504011
                   0.027                      -54.486463
                    0.03                      -54.495875
                   0.033                      -54.535766
                   0.036                      -54.608197
                   0.039                      -54.713588
                   0.042                      -54.850458
                   0.045                      -55.015093
                   0.048                       -55.20114
                   0.051                      -55.399215
                   0.054                      -55.596654
                   0.057                      -55.777683
                    0.06                      -55.924331
                   0.063                      -56.018351
                   0.066                      -56.044081
                   0.069                      -55.991643
                   0.072                      -55.859337
                   0.075                       -55.65421
                   0.078                      -55.390528
                   0.081                      -55.086881
                   0.084                      -54.763088
                   0.087                      -54.437814
                    0.09                      -54.127245
                   0.093                      -53.844657
                   0.096                      -53.600581
                   0.099                      -53.403255
                   0.102                      -53.259142
                   0.105                      -53.173431
                   0.108                       -53.15044
                   0.111                      -53.193929
                   0.114                      -53.307302
                   0.117                      -53.493679
                    0.12                       -53.75582
                   0.123                      -54.095795
                   0.126                      -54.514275
                   0.129                      -55.009143
                   0.132                      -55.573025
                   0.135                      -56.189124
                   0.138                      -56.824969
                   0.141                      -57.425079
                   0.144                      -57.907661
                   0.147                      -58.176487
                    0.15                      -58.156239
                   0.153                      -57.834135
                   0.156                       -57.26826
                   0.159                      -56.553251
                   0.162                      -55.779047
                   0.165                      -55.011078
                   0.168                      -54.289826
                   0.171                      -53.637707
                   0.174                      -53.065989
                   0.177                      -52.579736
                    0.18                      -52.180876
                   0.183                      -51.870014
                   0.186                      -51.647486
                   0.189                       -51.51399
                   0.192                      -51.471004
                   0.195                       -51.52111
                   0.198                      -51.668306
                   0.201                      -51.918381
                   0.204                      -52.279384
                   0.207                      -52.762274
                    0.21                      -53.381806
                   0.213                      -54.157704
                   0.216                      -55.116014
                   0.219                      -56.289907
                   0.222                       -57.71653
                   0.225                      -59.416226
                   0.228                      -61.303296
                   0.231                      -62.911226
                   0.234                      -63.206119
                   0.237                      -61.851335
                    0.24                      -59.831359
                   0.243                      -57.876118
                   0.246                       -56.18195
                   0.249                      -54.754333
                   0.252                       -53.55876
                   0.255                      -52.559865
                   0.258                      -51.729055
                   0.261                      -51.044653
                   0.264                      -50.490653
                   0.267                      -50.055481
                    0.27                      -49.731075
                   0.273                      -49.512242
                   0.276                      -49.396274
                   0.279                      -49.382763
                   0.282                      -49.473612
                   0.285                      -49.673249
                   0.288                      -49.989092
                   0.291                      -50.432378
                   0.294                      -51.019564
                   0.297                      -51.774707
                     0.3                      -52.733677
                   0.303                      -53.952075
                   0.306                      -55.521532
                   0.309                      -57.607725
                   0.312                      -60.557478
                   0.315                      -65.312186
                   0.318                      -76.329085
                   0.321                        -70.1262
                   0.324                      -62.750486
                   0.327                      -58.786364
                    0.33                       -56.10393
                   0.333                      -54.106517
                   0.336                      -52.544234
                   0.339                      -51.289131
                   0.342                      -50.267328
                   0.345                       -49.43271
                   0.348                      -48.754978
                   0.351                      -48.213607
                   0.354                      -47.794537
                   0.357                      -47.488268
                    0.36                      -47.288738
                   0.363                      -47.192656
                   0.366                      -47.199162
                   0.369                        -47.3097
                   0.372                      -47.528092
                   0.375                      -47.860807
                   0.378                      -48.317439
                   0.381                      -48.911439
                   0.384                      -49.661101
                   0.387                      -50.590639
                    0.39                      -51.730506
                   0.393                      -53.113414
                   0.396                      -54.752555
                   0.399                       -56.55505
                   0.402                      -58.073747
                   0.405                      -58.362531
                   0.408                      -57.092402
                   0.411                      -55.141615
                   0.414                      -53.215835
                   0.417                      -51.526327
                    0.42                      -50.089779
                   0.423                       -48.87712
                   0.426                      -47.855392
                   0.429                      -46.996945
                   0.432                      -46.280291
                   0.435                      -45.689145
                   0.438                      -45.211299
                   0.441                      -44.837707
                   0.444                       -44.56179
                   0.447                      -44.378926
                    0.45                      -44.286072
                   0.453                      -44.281457
                   0.456                      -44.364305
                   0.459                      -44.534512
                   0.462                      -44.792195
                   0.465                       -45.13694
                   0.468                      -45.566495
                   0.471                      -46.074456
                   0.474                      -46.646277
                   0.477                      -47.252902
                    0.48                      -47.842242
                   0.483                      -48.332483
                   0.486                       -48.61866
                   0.489                       -48.60629
                   0.492                      -48.262089
                   0.495                      -47.635737
                   0.498                      -46.827486
                   0.501                       -45.93811
                   0.504                       -45.04174
                   0.507                      -44.183554
                    0.51                      -43.387529
                   0.513                      -42.664592
                   0.516                      -42.018377
                   0.519                       -41.44871
                   0.522                      -40.953575
                   0.525                      -40.530159
                   0.528                      -40.175383
                   0.531                      -39.886126
                   0.534                      -39.659294
                   0.537                       -39.49176
                    0.54                      -39.380238
                   0.543                      -39.321076
                   0.546                      -39.309981
                   0.549                      -39.341654
                   0.552                      -39.409358
                   0.555                      -39.504411
                   0.558                      -39.615687
                   0.561                       -39.72925
                   0.564                      -39.828356
                   0.567                      -39.894127
                    0.57                      -39.907179
                   0.573                      -39.850224
                   0.576                      -39.711138
                   0.579                      -39.485496
                   0.582                      -39.177486
                   0.585                      -38.798785
                   0.588                        -38.3659
                   0.591                      -37.897086
                   0.594                      -37.409813
                   0.597                      -36.919209
                     0.6                      -36.437446
                   0.603                      -35.973757
                   0.606                       -35.53479
                   0.609                       -35.12508
                   0.612                      -34.747502
                   0.615                      -34.403658
                   0.618                       -34.09418
                   0.621                      -33.818951
                   0.624                      -33.577258
                   0.627                      -33.367886
                    0.63                      -33.189182
                   0.633                       -33.03907
                   0.636                      -32.915057
                   0.639                      -32.814224
                   0.642                      -32.733211
                   0.645                      -32.668215
                   0.648                       -32.61501
                   0.651                      -32.568996
                   0.654                      -32.525309
                   0.657                      -32.478978
                    0.66                      -32.425148
                   0.663                      -32.359356
                   0.666                      -32.277827
                   0.669                      -32.177764
                   0.672                      -32.057573
                   0.675                      -31.916996
                   0.678                      -31.757111
                   0.681                      -31.580211
                   0.684                       -31.38958
                   0.687                      -31.189201
                    0.69                      -30.983461
                   0.693                      -30.776862
                   0.696                      -30.573798
                   0.699                      -30.378385
                   0.702                      -30.194348
                   0.705                       -30.02497
                   0.708                      -29.873068
                   0.711                      -29.741004
                   0.714                      -29.630706
                   0.717                      -29.543696
                    0.72                       -29.48112
                   0.723                      -29.443769
                   0.726                       -29.43209
                   0.729                       -29.44619
                   0.732                      -29.485823
                   0.735                      -29.550368
                   0.738                      -29.638785
                   0.741                      -29.749568
                   0.744                      -29.880679
                   0.747                      -30.029481
                    0.75                       -30.19267
                   0.753                      -30.366228
                   0.756                      -30.545404
                   0.759                      -30.724767
                   0.762                      -30.898335
                   0.765                      -31.059827
                   0.768                      -31.203027
                   0.771                      -31.322263
                   0.774                      -31.412932
                   0.777                         -31.472
                    0.78                      -31.498364
                   0.783                      -31.493007
                   0.786                       -31.45889
                   0.789                      -31.400628
                   0.792                      -31.324008
                   0.795                      -31.235452
                   0.798                      -31.141529
                   0.801                      -31.048552
                   0.804                        -30.9623
                   0.807                      -30.887854
                    0.81                      -30.829517
                   0.813                      -30.790803
                   0.816                       -30.77445
                   0.819                      -30.782456
                   0.822                      -30.816102
                   0.825                       -30.87596
                   0.828                      -30.961878
                   0.831                      -31.072936
                   0.834                      -31.207369
                   0.837                      -31.362472
                    0.84                      -31.534484
                   0.843                      -31.718482
                   0.846                      -31.908311
                   0.849                       -32.09661
                   0.852                      -32.274982
                   0.855                      -32.434392
                   0.858                      -32.565794
                   0.861                      -32.661006
                   0.864                       -32.71367
                   0.867                      -32.720137
                    0.87                      -32.680025
                   0.873                      -32.596289
                   0.876                      -32.474785
                   0.879                      -32.323463
                   0.882                      -32.151395
                   0.885                      -31.967875
                   0.888                      -31.781709
                   0.891                      -31.600768
                   0.894                      -31.431759
                   0.897                      -31.280168
                     0.9                      -31.150313
                   0.903                      -31.045439
                   0.906                      -30.967836
                   0.909                      -30.918937
                   0.912                      -30.899391
                   0.915                      -30.909107
                   0.918                      -30.947252
                   0.921                      -31.012222
                   0.924                      -31.101581
                   0.927                      -31.211974
                    0.93                      -31.339036
                   0.933                      -31.477324
                   0.936                      -31.620299
                   0.939                      -31.760418
                   0.942                      -31.889386
                   0.945                      -31.998612
                   0.948                       -32.07987
                   0.951                      -32.126119
                   0.954                      -32.132344
                   0.957                       -32.09623
                    0.96                       -32.01849
                   0.963                      -31.902766
                   0.966                      -31.755106
                   0.969                      -31.583193
                   0.972                      -31.395492
                   0.975                      -31.200499
                   0.978                      -31.006174
                   0.981                      -30.819593
                   0.984                      -30.646785
                   0.987                      -30.492703
                    0.99                       -30.36128
                   0.993                      -30.255522
                   0.996                      -30.177613
                   0.999                      -30.129007
                   1.002                      -30.110499
                   1.005                      -30.122268
                   1.008                      -30.163882
                   1.011                      -30.234286
                   1.014                      -30.331747
                   1.017                       -30.45378
                    1.02                      -30.597057
                   1.023                      -30.757307
                   1.026                      -30.929249
                   1.029                      -31.106566
                   1.032                      -31.281992
                   1.035                      -31.447544
                   1.038                      -31.594944
                   1.041                      -31.716252
                   1.044                      -31.804632
                   1.047                      -31.855162
                    1.05                      -31.865487
                   1.053                      -31.836172
                   1.056                      -31.770627
                   1.059                      -31.674657
                   1.062                       -31.55573
                   1.065                      -31.422176
                   1.068                      -31.282443
                   1.071                      -31.144536
                   1.074                      -31.015653
                   1.077                      -30.902002
                    1.08                      -30.808755
                   1.083                      -30.740082
                   1.086                      -30.699227
                   1.089                       -30.68859
                   1.092                        -30.7098
                   1.095                      -30.763751
                   1.098                       -30.85061
                   1.101                       -30.96977
                   1.104                      -31.119764
                   1.107                      -31.298124
                    1.11                      -31.501196
                   1.113                      -31.723924
                   1.116                      -31.959642
                   1.119                      -32.199925
                   1.122                      -32.434599
                   1.125                      -32.652033
                   1.128                      -32.839833
                   1.131                      -32.985989
                   1.134                      -33.080381
                   1.137                      -33.116342
                    1.14                      -33.091839
                   1.143                      -33.009871
                   1.146                      -32.877926
                   1.149                      -32.706716
                   1.152                      -32.508592
                   1.155                      -32.296082
                   1.158                      -32.080813
                   1.161                      -31.872894
                   1.164                      -31.680672
                   1.167                      -31.510753
                    1.17                      -31.368161
                   1.173                      -31.256549
                   1.176                      -31.178393
                   1.179                      -31.135163
                   1.182                      -31.127422
                   1.185                       -31.15488
                   1.188                      -31.216377
                   1.191                      -31.309813
                   1.194                      -31.432013
                   1.197                      -31.578562
                     1.2                      -31.743608
                   1.203                      -31.919696
                   1.206                      -32.097694
                   1.209                      -32.266912
                   1.212                       -32.41554
                   1.215                      -32.531478
                   1.218                      -32.603569
                   1.221                      -32.623069
                   1.224                      -32.585006
                   1.227                      -32.489027
                    1.23                      -32.339433
                   1.233                      -32.144392
                   1.236                      -31.914605
                   1.239                      -31.661827
                   1.242                      -31.397604
                   1.245                        -31.1324
                   1.248                      -30.875131
                   1.251                      -30.633018
                   1.254                      -30.411655
                   1.257                       -30.21517
                    1.26                       -30.04643
                   1.263                      -29.907223
                   1.266                      -29.798418
                   1.269                      -29.720072
                   1.272                      -29.671496
                   1.275                      -29.651281
                   1.278                      -29.657286
                   1.281                      -29.686598
                   1.284                      -29.735484
                   1.287                      -29.799333
                    1.29                      -29.872643
                   1.293                      -29.949048
                   1.296                       -30.02146
                   1.299                      -30.082337
                   1.302                      -30.124101
                   1.305                      -30.139707
                   1.308                      -30.123285
                   1.311                      -30.070766
                   1.314                       -29.98034
                   1.317                      -29.852651
                    1.32                      -29.690663
                   1.323                      -29.499243
                   1.326                      -29.284555
                   1.329                      -29.053412
                   1.332                      -28.812687
                   1.335                      -28.568865
                   1.338                      -28.327747
                   1.341                        -28.0943
                   1.344                      -27.872613
                   1.347                      -27.665932
                    1.35                      -27.476725
                   1.353                      -27.306771
                   1.356                      -27.157254
                   1.359                      -27.028838
                   1.362                      -26.921735
                   1.365                      -26.835761
                   1.368                      -26.770365
                   1.371                      -26.724661
                   1.374                      -26.697431
                   1.377                      -26.687127
                    1.38                      -26.691861
                   1.383                      -26.709396
                   1.386                      -26.737128
                   1.389                      -26.772082
                   1.392                      -26.810921
                   1.395                       -26.84997
                   1.398                      -26.885282
                   1.401                      -26.912739
                   1.404                      -26.928197
                   1.407                      -26.927685
                    1.41                      -26.907635
                   1.413                      -26.865129
                   1.416                      -26.798135
                   1.419                      -26.705698
                   1.422                      -26.588048
                   1.425                      -26.446625
                   1.428                      -26.283988
                   1.431                      -26.103662
                   1.434                      -25.909913
                   1.437                      -25.707523
                    1.44                      -25.501564
                   1.443                      -25.297216
                   1.446                      -25.099634
                   1.449                      -24.913863
                   1.452                      -24.744809
                   1.455                      -24.597252
                   1.458                      -24.475893
                   1.461                       -24.38544
                   1.464                      -24.330714
                   1.467                      -24.316798
                    1.47                      -24.349216
                   1.473                      -24.434161
                   1.476                      -24.578807
                   1.479                      -24.791718
                   1.482                      -25.083436
                   1.485                      -25.467336
                   1.488                      -25.960944
                   1.491                       -26.58804
                   1.494                      -27.382237
                   1.497                      -28.393445
                     1.5                      -29.700607
                   1.503                      -31.439687
                   1.506                      -33.875221
                   1.509                      -37.627844
                   1.512                      -44.535526
                   1.515                      -45.509338
                   1.518                      -37.347949
                   1.521                      -32.698263
                   1.524                       -29.50085
                   1.527                      -27.051109
                    1.53                      -25.057797
                   1.533                      -23.374185
                   1.536                      -21.916268
                   1.539                       -20.63154
                   1.542                      -19.485009
                   1.545                        -18.4522
                   1.548                      -17.515324
                   1.551                      -16.661051
                   1.554                      -15.879132
                   1.557                       -15.16152
                    1.56                      -14.501778
                   1.563                      -13.894678
                   1.566                      -13.335913
                   1.569                      -12.821889
                   1.572                      -12.349574
                   1.575                      -11.916382
                   1.578                      -11.520083
                   1.581                      -11.158734
                   1.584                      -10.830624
                   1.587                      -10.534228
                    1.59                      -10.268168
                   1.593                      -10.031187
                   1.596                      -9.8221131
                   1.599                      -9.6398407
                   1.602                      -9.4833059
                   1.605                      -9.3514659
                   1.608                       -9.243279
                   1.611                      -9.1576862
                   1.614                      -9.0935927
                   1.617                      -9.0498503
                    1.62                      -9.0252413
                   1.623                      -9.0184631
                   1.626                      -9.0281162
                   1.629                      -9.0526943
                   1.632                      -9.0905799
                   1.635                      -9.1400453
                   1.638                      -9.1992624
                   1.641                      -9.2663213
                   1.644                      -9.3392604
                   1.647                      -9.4161085
                    1.65                      -9.4949384
                   1.653                      -9.5739317
                   1.656                      -9.6514508
                   1.659                      -9.7261139
                   1.662                      -9.7968672
                   1.665                      -9.8630479
                   1.668                      -9.9244311
                   1.671                      -9.9812557
                   1.674                      -10.034227
                   1.677                      -10.084497
                    1.68                      -10.133619
                   1.683                      -10.183492
                   1.686                      -10.236295
                   1.689                      -10.294411
                   1.692                      -10.360366
                   1.695                      -10.436766
                   1.698                      -10.526249
                   1.701                       -10.63145
                   1.704                      -10.754981
                   1.707                      -10.899415
                    1.71                       -11.06729
                   1.713                      -11.261118
                   1.716                      -11.483401
                   1.719                      -11.736656
                   1.722                      -12.023443
                   1.725                      -12.346398
                   1.728                      -12.708264
                   1.731                      -13.111934
                   1.734                      -13.560474
                   1.737                       -14.05716
                    1.74                       -14.60548
                   1.743                      -15.209124
                   1.746                      -15.871895
                   1.749                      -16.597524
                   1.752                      -17.389274
                   1.755                      -18.249165
                   1.758                      -19.176532
                   1.761                      -20.165433
                   1.764                      -21.200219
                   1.767                       -22.24874
                    1.77                      -23.254094
                   1.773                      -24.130489
                   1.776                       -24.77592
                   1.779                      -25.111532
                   1.782                      -25.127775
                   1.785                      -24.891679
                   1.788                      -24.506848
                   1.791                      -24.068682
                   1.794                      -23.644956
                   1.797                      -23.277047
                     1.8                      -22.988001
                   1.803                      -22.790009
                   1.806                      -22.689538
                   1.809                      -22.690467
                   1.812                       -22.79593
                   1.815                      -23.009405
                   1.818                      -23.335384
                   1.821                      -23.779791
                   1.824                      -24.350179
                   1.827                      -25.055555
                    1.83                      -25.905337
                   1.833                      -26.906145
                   1.836                      -28.053227
                   1.839                      -29.309578
                   1.842                      -30.562366
                   1.845                      -31.566002
                   1.848                      -31.978605
                   1.851                      -31.631924
                   1.854                       -30.72927
                   1.857                      -29.614057
                    1.86                      -28.520143
                   1.863                      -27.553446
                   1.866                      -26.750165
                   1.869                      -26.118017
                   1.872                      -25.655785
                   1.875                      -25.361627
                   1.878                      -25.236735
                   1.881                      -25.287439
                   1.884                      -25.527247
                   1.887                      -25.979858
                    1.89                      -26.684494
                   1.893                      -27.706178
                   1.896                      -29.157337
                   1.899                      -31.248289
                   1.902                      -34.418265
                   1.905                      -39.540278
                   1.908                       -41.91702
                   1.911                      -35.448945
                   1.914                      -30.793191
                   1.917                      -27.548215
                    1.92                      -25.086239
                   1.923                      -23.116033
                   1.926                      -21.486798
                   1.929                      -20.111613
                   1.932                      -18.936234
                   1.935                      -17.924788
                   1.938                      -17.052529
                   1.941                      -16.301862
                   1.944                      -15.660018
                   1.947                      -15.117618
                    1.95                      -14.667735
                   1.953                      -14.305247
                   1.956                      -14.026336
                   1.959                       -13.82806
                   1.962                      -13.707899
                   1.965                      -13.663179
                   1.968                       -13.69026
                   1.971                       -13.78329
                   1.974                      -13.932297
                   1.977                      -14.120384
                    1.98                      -14.320013
                   1.983                      -14.489239
                   1.986                      -14.570612
                   1.989                      -14.497721
                   1.992                      -14.213055
                   1.995                      -13.691429
                   1.998                      -12.952141
                   2.001                      -12.048788
                   2.004                      -11.046092
                   2.007                       -10.00098
                    2.01                      -8.9549889
                   2.013                      -7.9348148
                   2.016                      -6.9559437
                   2.019                      -6.0263816
                   2.022                      -5.1495007
                   2.025                      -4.3259538
                   2.028                      -3.5548795
                   2.031                      -2.8346341
                   2.034                      -2.1632238
                   2.037                       -1.538555
                    2.04                      -0.9585746
                   2.043                     -0.42134453
                   2.046                     0.074920928
                   2.049                      0.53184071
                   2.052                      0.95086473
                   2.055                       1.3332784
                   2.058                       1.6802105
                   2.061                       1.9926421
                   2.064                       2.2714164
                   2.067                       2.5172469
                    2.07                       2.7307263
                   2.073                       2.9123331
                   2.076                        3.062438
                   2.079                       3.1813095
                   2.082                       3.2691185
                   2.085                       3.3259424
                   2.088                       3.3517687
                   2.091                       3.3464988
                   2.094                       3.3099519
                   2.097                       3.2418702
                     2.1                        3.141925
                   2.103                       3.0097263
                   2.106                       2.8448363
                   2.109                       2.6467891
                   2.112                       2.4151212
                   2.115                       2.1494146
                   2.118                       1.8493617
                   2.121                       1.5148598
                   2.124                       1.1461483
                   2.127                      0.74400579
                    2.13                      0.31002939
                   2.133                     -0.15297659
                   2.136                     -0.64047848
                   2.139                      -1.1455457
                   2.142                      -1.6580704
                   2.145                      -2.1640006
                   2.148                       -2.644875
                   2.151                      -3.0781572
                   2.154                       -3.438983
                   2.157                      -3.7036951
                    2.16                      -3.8546931
                   2.163                      -3.8849471
                   2.166                      -3.8000222
                   2.169                      -3.6165005
                   2.172                      -3.3576735
                   2.175                      -3.0486178
                   2.178                      -2.7124337
                   2.181                      -2.3682698
                   2.184                      -2.0308356
                   2.187                      -1.7107902
                    2.19                      -1.4154848
                   2.193                      -1.1497454
                   2.196                     -0.91654996
                   2.199                     -0.71756071
                   2.202                     -0.55351656
                   2.205                     -0.42451133
                   2.208                     -0.33018291
                   2.211                     -0.26983625
                   2.214                     -0.24251737
                   2.217                     -0.24705129
                    2.22                       -0.282053
                   2.223                     -0.34591788
                   2.226                     -0.43679663
                   2.229                      -0.5525589
                   2.232                      -0.6907499
                   2.235                     -0.84854524
                   2.238                      -1.0227109
                   2.241                      -1.2095775
                   2.244                      -1.4050407
                   2.247                      -1.6046011
                    2.25                      -1.8034583
                   2.253                      -1.9966694
                   2.256                      -2.1793767
                   2.259                      -2.3470944
                   2.262                      -2.4960291
                   2.265                      -2.6233937
                   2.268                      -2.7276626
                   2.271                      -2.8087211
                   2.274                      -2.8678797
                   2.277                      -2.9077482
                    2.28                       -2.931996
                   2.283                      -2.9450422
                   2.286                      -2.9517274
                   2.289                      -2.9570103
                   2.292                      -2.9657187
                   2.295                      -2.9823655
                   2.298                      -3.0110301
                   2.301                      -3.0552922
                   2.304                      -3.1182051
                   2.307                      -3.2022928
                    2.31                      -3.3095568
                   2.313                      -3.4414833
                   2.316                      -3.5990397
                   2.319                      -3.7826548
                   2.322                      -3.9921769
                   2.325                      -4.2268057
                   2.328                      -4.4849963
                   2.331                      -4.7643369
                   2.334                      -5.0614072
                   2.337                       -5.371634
                    2.34                      -5.6891757
                   2.343                      -6.0068824
                   2.346                      -6.3163983
                   2.349                      -6.6084825
                   2.352                      -6.8736036
                   2.355                      -7.1028153
                   2.358                      -7.2888188
                   2.361                      -7.4270102
                   2.364                      -7.5162493
                   2.367                      -7.5591189
                    2.37                      -7.5615962
                   2.373                      -7.5322417
                   2.376                      -7.4811494
                   2.379                      -7.4189175
                   2.382                      -7.3558287
                   2.385                      -7.3013164
                   2.388                      -7.2637017
                   2.391                      -7.2501385
                   2.394                      -7.2666919
                   2.397                      -7.3184859
                     2.4                      -7.4098715
                   2.403                      -7.5445862
                   2.406                      -7.7258815
                   2.409                      -7.9566045
                   2.412                      -8.2392149
                   2.415                      -8.5757118
                   2.418                      -8.9674287
                   2.421                      -9.4146294
                   2.424                      -9.9157976
                   2.427                      -10.466466
                    2.43                      -11.057393
                   2.433                      -11.671949
                   2.436                      -12.282878
                   2.439                      -12.849514
                   2.442                      -13.318214
                   2.445                       -13.63014
                   2.448                      -13.738188
                   2.451                      -13.626296
                   2.454                      -13.317117
                   2.457                      -12.861365
                    2.46                      -12.317977
                   2.463                       -11.73862
                   2.466                      -11.161484
                   2.469                      -10.611706
                   2.472                      -10.104374
                   2.475                      -9.6476897
                   2.478                       -9.245438
                   2.481                      -8.8986718
                   2.484                      -8.6067775
                   2.487                      -8.3681079
                    2.49                       -8.180328
                   2.493                      -8.0405708
                   2.496                      -7.9454665
                   2.499                      -7.8910826
                   2.502                      -7.8728022
                   2.505                       -7.885161
                   2.508                      -7.9216703
                   2.511                      -7.9746623
                   2.514                      -8.0352137
                   2.517                      -8.0932215
                    2.52                      -8.1377162
                   2.523                      -8.1574812
                   2.526                      -8.1419841
                   2.529                      -8.0825191
                   2.532                       -7.973332
                   2.535                      -7.8124278
                   2.538                      -7.6018075
                   2.541                      -7.3470531
                   2.544                      -7.0563965
                   2.547                      -6.7395487
                    2.55                      -6.4065834
                   2.553                      -6.0670684
                   2.556                      -5.7295172
                   2.559                      -5.4011321
                   2.562                      -5.0877637
                   2.565                      -4.7940033
                   2.568                      -4.5233413
                   2.571                      -4.2783449
                   2.574                      -4.0608279
                   2.577                      -3.8719981
                    2.58                      -3.7125786
                   2.583                      -3.5829015
                   2.586                      -3.4829776
                   2.589                      -3.4125431
                   2.592                      -3.3710887
                   2.595                      -3.3578714
                   2.598                      -3.3719129
                   2.601                      -3.4119865
                   2.604                      -3.4765938
                   2.607                      -3.5639341
                    2.61                      -3.6718707
                   2.613                      -3.7978962
                   2.616                      -3.9391055
                   2.619                      -4.0921823
                   2.622                       -4.253411
                   2.625                      -4.4187242
                   2.628                      -4.5837985
                   2.631                       -4.744205
                   2.634                      -4.8956181
                   2.637                      -5.0340715
                    2.64                      -5.1562401
                   2.643                      -5.2597124
                   2.646                      -5.3432123
                   2.649                      -5.4067299
                   2.652                      -5.4515397
                   2.655                      -5.4801001
                   2.658                      -5.4958556
                   2.661                      -5.5029779
                   2.664                      -5.5060863
                   2.667                      -5.5099875
                    2.67                      -5.5194583
                   2.673                      -5.5390855
                   2.676                      -5.5731641
                   2.679                      -5.6256463
                   2.682                      -5.7001317
                   2.685                      -5.7998865
                   2.688                      -5.9278823
                   2.691                      -6.0868469
                   2.694                      -6.2793197
                   2.697                      -6.5077095
                     2.7                      -6.7743516
                   2.703                      -7.0815638
                   2.706                      -7.4317004
                   2.709                      -7.8272051
                   2.712                      -8.2706626
                   2.715                      -8.7648512
                   2.718                      -9.3127948
                   2.721                      -9.9178169
                   2.724                      -10.583595
                   2.727                      -11.314213
                    2.73                      -12.114218
                   2.733                      -12.988655
                   2.736                      -13.943105
                   2.739                      -14.983673
                   2.742                      -16.116946
                   2.745                      -17.349859
                   2.748                      -18.689494
                   2.751                       -20.14281
                   2.754                      -21.716512
                   2.757                      -23.417664
                    2.76                      -25.256515
                   2.763                      -27.254767
                   2.766                      -29.464923
                   2.769                      -32.008134
                   2.772                      -35.122015
                   2.775                      -38.917336
                   2.778                      -40.294483
                   2.781                      -36.164042
                   2.784                      -31.874879
                   2.787                      -28.460273
                    2.79                      -25.672578
                   2.793                      -23.316803
                   2.796                      -21.276791
                   2.799                      -19.480756
                   2.802                      -17.881363
                   2.805                      -16.445522
                   2.808                      -15.148975
                   2.811                      -13.973268
                   2.814                      -12.903949
                   2.817                      -11.929437
                    2.82                      -11.040282
                   2.823                      -10.228647
                   2.826                      -9.4879511
                   2.829                      -8.8126008
                   2.832                      -8.1977863
                   2.835                      -7.6393266
                   2.838                      -7.1335445
                   2.841                      -6.6771645
                   2.844                      -6.2672269
                   2.847                      -5.9010134
                    2.85                      -5.5759801
                   2.853                      -5.2896963
                   2.856                      -5.0397856
                   2.859                      -4.8238688
                   2.862                      -4.6395078
                   2.865                      -4.4841494
                   2.868                      -4.3550711
                   2.871                      -4.2493301
                   2.874                      -4.1637186
                   2.877                      -4.0947318
                    2.88                      -4.0385541
                   2.883                      -3.9910737
                   2.886                      -3.9479331
                   2.889                      -3.9046255
                   2.892                      -3.8566414
                   2.895                      -3.7996617
                   2.898                      -3.7297882
                   2.901                      -3.6437868
                   2.904                      -3.5393129
                   2.907                      -3.4150837
                    2.91                      -3.2709676
                   2.913                      -3.1079739
                   2.916                      -2.9281445
                   2.919                      -2.7343669
                   2.922                      -2.5301399
                   2.925                      -2.3193265
                   2.928                      -2.1059249
                   2.931                      -1.8938777
                   2.934                      -1.6869294
                   2.937                      -1.4885329
                    2.94                      -1.3017995
                   2.943                      -1.1294832
                   2.946                     -0.97399029
                   2.949                     -0.83740529
                   2.952                     -0.72152666
                   2.955                     -0.62790669
                   2.958                     -0.55789236
                   2.961                     -0.51266473
                   2.964                     -0.49327582
                   2.967                      -0.5006823
                    2.97                     -0.53577605
                   2.973                     -0.59941188
                   2.976                     -0.69243272
                   2.979                     -0.81569292
                   2.982                     -0.97008021
                   2.985                      -1.1565369
                   2.988                      -1.3760811
                   2.991                      -1.6298282
                   2.994                       -1.919014
                   2.997                      -2.2450197
                       3                      -2.6093996
