                       0                      -49.382326
                   0.003                      -49.392639
                   0.006                      -49.420362
                   0.009                      -49.456467
                   0.012                      -49.487991
                   0.015                      -49.501145
                   0.018                      -49.485189
                   0.021                      -49.436004
                   0.024                      -49.358015
                   0.027                      -49.263631
                    0.03                      -49.170511
                   0.033                       -49.09782
                   0.036                      -49.062678
                   0.039                       -49.07739
                   0.042                      -49.147422
                   0.045                      -49.269793
                   0.048                      -49.431744
                   0.051                      -49.610078
                   0.054                      -49.772399
                   0.057                      -49.881972
                    0.06                      -49.906966
                   0.063                      -49.831561
                   0.066                      -49.662995
                   0.069                      -49.429819
                   0.072                      -49.172703
                   0.075                      -48.933773
                   0.078                      -48.749245
                   0.081                      -48.646264
                   0.084                      -48.642312
                   0.087                      -48.745214
                    0.09                        -48.9523
                   0.093                      -49.247921
                   0.096                      -49.599343
                   0.099                      -49.952896
                   0.102                      -50.235769
                   0.105                      -50.371475
                   0.108                      -50.310185
                   0.111                       -50.05586
                   0.114                      -49.665143
                   0.117                      -49.219323
                    0.12                      -48.795024
                   0.123                      -48.450296
                   0.126                      -48.223881
                   0.129                      -48.139558
                   0.132                      -48.210277
                   0.135                      -48.439878
                   0.138                      -48.821353
                   0.141                      -49.330456
                   0.144                      -49.913692
                   0.147                       -50.47374
                    0.15                       -50.86893
                   0.153                      -50.958204
                   0.156                      -50.689019
                   0.159                       -50.14018
                   0.162                      -49.462205
                   0.165                      -48.793497
                   0.168                      -48.226592
                   0.171                      -47.814134
                   0.174                      -47.584333
                   0.177                      -47.552777
                    0.18                       -47.72883
                   0.183                      -48.117301
                   0.186                      -48.714889
                   0.189                      -49.498023
                   0.192                      -50.395214
                   0.195                      -51.241539
                   0.198                      -51.758642
                   0.201                       -51.68593
                   0.204                      -51.030639
                   0.207                      -50.060898
                    0.21                      -49.054356
                   0.213                      -48.174766
                   0.216                      -47.495261
                   0.219                      -47.044089
                   0.222                      -46.832507
                   0.225                      -46.868014
                   0.228                      -47.160003
                   0.231                      -47.721205
                   0.234                      -48.564281
                   0.237                      -49.686545
                    0.24                      -51.020906
                   0.243                      -52.312657
                   0.246                      -52.992179
                   0.249                      -52.554119
                   0.252                       -51.27481
                   0.255                       -49.79036
                   0.258                      -48.463793
                   0.261                      -47.411845
                   0.264                      -46.654835
                   0.267                      -46.187812
                    0.27                       -46.00512
                   0.273                      -46.108585
                   0.276                      -46.510959
                   0.279                       -47.23834
                   0.282                      -48.331291
                   0.285                      -49.836861
                   0.288                      -51.751591
                   0.291                      -53.756312
                   0.294                      -54.645385
                   0.297                      -53.420553
                     0.3                      -51.262659
                   0.303                      -49.268068
                   0.306                      -47.694416
                   0.309                      -46.534344
                   0.312                      -45.743074
                   0.315                      -45.285782
                   0.318                      -45.144613
                   0.321                      -45.319233
                   0.324                      -45.828406
                   0.327                      -46.714988
                    0.33                      -48.056333
                   0.333                      -49.979972
                   0.336                      -52.650489
                   0.339                      -55.851574
                   0.342                      -56.797922
                   0.345                      -53.876149
                   0.348                      -50.749847
                   0.351                      -48.396489
                   0.354                      -46.700505
                   0.357                      -45.512073
                    0.36                      -44.736216
                   0.363                      -44.320136
                   0.366                       -44.24096
                   0.369                      -44.500558
                   0.372                      -45.126917
                   0.375                      -46.183756
                   0.378                      -47.795808
                   0.381                      -50.212847
                   0.384                      -53.977713
                   0.387                       -59.83389
                    0.39                      -59.031611
                   0.393                      -53.218718
                   0.396                       -49.50958
                   0.399                      -47.062429
                   0.402                      -45.383009
                   0.405                      -44.242645
                   0.408                       -43.52725
                   0.411                       -43.18036
                   0.414                      -43.181089
                   0.417                      -43.537206
                    0.42                      -44.288147
                   0.423                      -45.520694
                   0.426                      -47.413042
                   0.429                      -50.371354
                   0.432                      -55.634914
                   0.435                      -74.878603
                   0.438                      -57.515476
                   0.441                      -50.988973
                   0.444                      -47.468519
                   0.447                        -45.1861
                    0.45                      -43.629912
                   0.453                      -42.585679
                   0.456                      -41.949963
                   0.459                       -41.67332
                   0.462                      -41.739869
                   0.465                      -42.161377
                   0.468                      -42.980662
                   0.471                      -44.286235
                   0.474                       -46.24845
                   0.477                      -49.199661
                    0.48                      -53.632355
                   0.483                      -56.409834
                   0.486                      -51.730131
                   0.489                      -47.575508
                   0.492                      -44.758153
                   0.495                       -42.79152
                   0.498                      -41.406682
                   0.501                      -40.463462
                   0.504                      -39.886816
                   0.507                      -39.638601
                    0.51                      -39.705196
                   0.513                      -40.092623
                   0.516                      -40.825494
                   0.519                      -41.946348
                   0.522                      -43.503531
                   0.525                      -45.470928
                   0.528                      -47.382886
                   0.531                      -47.767728
                   0.534                      -46.029053
                   0.537                      -43.688831
                    0.54                      -41.642446
                   0.543                      -40.033097
                   0.546                      -38.822929
                   0.549                      -37.958563
                   0.552                      -37.399822
                   0.555                      -37.121223
                   0.558                      -37.109233
                   0.561                       -37.35907
                   0.564                       -37.87029
                   0.567                      -38.637385
                    0.57                      -39.625717
                   0.573                      -40.713185
                   0.576                      -41.592598
                   0.579                      -41.789846
                   0.582                      -41.085318
                   0.585                      -39.808309
                   0.588                      -38.411946
                   0.591                      -37.147741
                   0.594                      -36.104773
                   0.597                      -35.301624
                     0.6                      -34.733626
                   0.603                      -34.390799
                   0.606                      -34.263425
                   0.609                        -34.3425
                   0.612                      -34.617051
                   0.615                      -35.067707
                   0.618                      -35.654089
                   0.621                      -36.293806
                   0.624                      -36.840102
                   0.627                      -37.094617
                    0.63                       -36.90591
                   0.633                      -36.293017
                   0.636                      -35.426634
                   0.639                      -34.496537
                   0.642                       -33.63183
                   0.645                       -32.90007
                   0.648                      -32.330682
                   0.651                      -31.933697
                   0.654                      -31.710062
                   0.657                      -31.656098
                    0.66                      -31.764321
                   0.663                      -32.021474
                   0.666                      -32.403645
                   0.669                      -32.868128
                   0.672                      -33.343522
                   0.675                       -33.72601
                   0.678                      -33.898796
                   0.681                      -33.783798
                   0.684                      -33.391182
                   0.687                      -32.811867
                    0.69                      -32.162108
                   0.693                      -31.537798
                   0.696                       -31.00165
                   0.699                       -30.58935
                   0.702                      -30.319261
                   0.705                      -30.199643
                   0.708                      -30.232596
                   0.711                      -30.415256
                   0.714                      -30.738501
                   0.717                      -31.182939
                    0.72                      -31.711781
                   0.723                      -32.261616
                   0.726                      -32.737379
                   0.729                      -33.026451
                   0.732                      -33.043675
                   0.735                      -32.782935
                   0.738                       -32.32164
                   0.741                      -31.772749
                   0.744                      -31.236218
                   0.747                       -30.78085
                    0.75                      -30.447744
                   0.753                      -30.259501
                   0.756                      -30.227747
                   0.759                      -30.357408
                   0.762                      -30.647962
                   0.765                      -31.091626
                   0.768                       -31.66777
                   0.771                      -32.332366
                   0.774                      -33.003501
                   0.777                      -33.553649
                    0.78                      -33.836091
                   0.783                      -33.761568
                   0.786                      -33.365233
                   0.789                      -32.779395
                   0.792                      -32.148834
                   0.795                      -31.579202
                   0.798                      -31.132774
                   0.801                      -30.842193
                   0.804                      -30.723505
                   0.807                      -30.784084
                    0.81                       -31.02604
                   0.813                      -31.445817
                   0.816                      -32.029492
                   0.819                      -32.741821
                   0.822                      -33.507219
                   0.825                      -34.189053
                   0.828                      -34.599781
                   0.831                      -34.589506
                   0.834                      -34.165025
                   0.837                      -33.484085
                    0.84                       -32.73353
                   0.843                      -32.046609
                   0.846                      -31.496784
                   0.849                      -31.119091
                   0.852                      -30.928778
                   0.855                      -30.931933
                   0.858                      -31.130024
                   0.861                      -31.520035
                   0.864                      -32.090066
                   0.867                       -32.80823
                    0.87                      -33.601746
                   0.873                      -34.330038
                   0.876                      -34.785428
                   0.879                      -34.785864
                   0.882                      -34.323695
                   0.885                      -33.573197
                   0.888                      -32.744997
                   0.891                      -31.985628
                   0.894                      -31.372344
                   0.897                      -30.939754
                     0.9                      -30.701539
                   0.903                      -30.662283
                   0.906                      -30.822394
                   0.909                      -31.178436
                   0.912                      -31.718993
                   0.915                      -32.414034
                   0.918                      -33.194475
                   0.921                       -33.92441
                   0.924                      -34.396695
                   0.927                      -34.418435
                    0.93                      -33.965152
                   0.933                      -33.204476
                   0.936                      -32.351831
                   0.939                      -31.560464
                   0.942                      -30.911749
                   0.945                      -30.442008
                   0.948                      -30.165319
                   0.951                      -30.086062
                   0.954                      -30.204298
                   0.957                      -30.516502
                    0.96                      -31.012116
                   0.963                       -31.66433
                   0.966                      -32.412136
                   0.969                      -33.134758
                   0.972                      -33.641783
                   0.975                       -33.73782
                   0.978                       -33.36529
                   0.981                      -32.658335
                   0.984                      -31.824786
                   0.987                      -31.026466
                    0.99                      -30.354673
                   0.993                      -29.852283
                   0.996                      -29.536949
                   0.999                      -29.414934
                   1.002                      -29.487574
                   1.005                      -29.753041
                   1.008                      -30.204315
                   1.011                      -30.822366
                   1.014                      -31.561877
                   1.017                      -32.327938
                    1.02                       -32.95576
                   1.023                      -33.240397
                   1.026                      -33.059182
                   1.029                      -32.480405
                   1.032                      -31.700185
                   1.035                      -30.903783
                   1.038                      -30.207413
                   1.041                      -29.669817
                   1.044                      -29.317287
                   1.047                         -29.161
                    1.05                      -29.206058
                   1.053                      -29.455165
                   1.056                      -29.908516
                   1.059                      -30.559438
                   1.062                      -31.382762
                   1.065                      -32.310355
                   1.068                      -33.192806
                   1.071                      -33.782895
                   1.074                       -33.84047
                   1.077                      -33.344767
                    1.08                      -32.517529
                   1.083                       -31.61743
                   1.086                      -30.810887
                   1.089                       -30.17781
                   1.092                      -29.750749
                   1.095                      -29.542022
                   1.098                      -29.557308
                   1.101                      -29.801402
                   1.104                      -30.279463
                   1.107                       -30.99392
                    1.11                      -31.933332
                   1.113                      -33.043145
                   1.116                      -34.163813
                   1.119                      -34.963213
                   1.122                      -35.051894
                   1.125                      -34.378105
                   1.128                      -33.295782
                   1.131                      -32.172012
                   1.134                      -31.200953
                   1.137                      -30.455141
                    1.14                      -29.954596
                   1.143                      -29.702312
                   1.146                      -29.698717
                   1.149                       -29.94691
                   1.152                      -30.453511
                   1.155                       -31.22536
                   1.158                      -32.257083
                   1.161                      -33.494584
                   1.164                      -34.746973
                   1.167                      -35.576642
                    1.17                      -35.485963
                   1.173                      -34.517205
                   1.176                      -33.191228
                   1.179                      -31.915838
                   1.182                      -30.859619
                   1.185                       -30.06844
                   1.188                      -29.546324
                   1.191                      -29.288035
                   1.194                      -29.290297
                   1.197                      -29.555182
                     1.2                      -30.090013
                   1.203                      -30.903226
                   1.206                      -31.989738
                   1.209                      -33.286519
                   1.212                      -34.563002
                   1.215                      -35.298629
                   1.218                      -34.982964
                   1.221                      -33.801884
                   1.224                      -32.356637
                   1.227                      -31.029169
                    1.23                      -29.953414
                   1.233                      -29.156698
                   1.236                      -28.634884
                   1.239                      -28.379364
                   1.242                      -28.385558
                   1.245                       -28.65507
                   1.248                      -29.194909
                   1.251                      -30.012556
                   1.254                      -31.099566
                   1.257                      -32.382874
                    1.26                       -33.60938
                   1.263                      -34.239535
                   1.266                      -33.806664
                   1.269                      -32.560966
                   1.272                      -31.096203
                   1.275                      -29.765469
                   1.278                      -28.688231
                   1.281                      -27.887074
                   1.284                      -27.356603
                   1.287                      -27.087876
                    1.29                      -27.076028
                   1.293                      -27.322097
                   1.296                      -27.832075
                   1.299                      -28.611942
                   1.302                      -29.651833
                   1.305                      -30.880501
                   1.308                      -32.060119
                   1.311                      -32.688321
                   1.314                      -32.309086
                   1.317                      -31.117547
                    1.32                      -29.673791
                   1.323                      -28.336869
                   1.326                      -27.237294
                   1.329                      -26.403937
                   1.332                      -25.834099
                   1.335                      -25.519613
                   1.338                      -25.455364
                   1.341                      -25.641588
                   1.344                      -26.083411
                   1.347                      -26.787076
                    1.35                      -27.747806
                   1.353                      -28.914715
                   1.356                      -30.105378
                   1.359                      -30.892961
                   1.362                      -30.769844
                   1.365                      -29.746675
                   1.368                       -28.33649
                   1.371                      -26.957794
                   1.374                      -25.786565
                   1.377                      -24.870781
                    1.38                      -24.213947
                   1.383                      -23.809112
                   1.386                      -23.650647
                   1.389                      -23.737998
                   1.392                      -24.076466
                   1.395                      -24.675849
                   1.398                      -25.544483
                   1.401                      -26.669582
                   1.404                      -27.959609
                   1.407                      -29.116058
                    1.41                      -29.561108
                   1.413                        -28.9135
                   1.416                      -27.540467
                   1.419                      -26.023242
                   1.422                      -24.666548
                   1.425                      -23.564775
                   1.428                      -22.731685
                   1.431                      -22.159453
                   1.434                      -21.839049
                   1.437                      -21.766824
                    1.44                      -21.946812
                   1.443                      -22.391893
                   1.446                      -23.124237
                   1.449                      -24.172713
                   1.452                      -25.556711
                   1.455                      -27.216722
                   1.458                      -28.787288
                   1.461                      -29.325942
                   1.464                      -28.241417
                   1.467                      -26.348688
                    1.47                       -24.48353
                   1.473                      -22.918495
                   1.476                      -21.685055
                   1.479                      -20.758551
                   1.482                      -20.110739
                   1.485                      -19.721747
                   1.488                      -19.582244
                   1.491                      -19.694117
                   1.494                      -20.072146
                   1.497                      -20.748108
                     1.5                      -21.779523
                   1.503                      -23.267905
                   1.506                      -25.397184
                   1.509                      -28.500787
                   1.512                      -32.801897
                   1.515                      -33.809806
                   1.518                       -29.11815
                   1.521                      -25.183175
                   1.524                      -22.320669
                   1.527                      -20.134153
                    1.53                      -18.385715
                   1.533                       -16.93627
                   1.536                      -15.697857
                   1.539                      -14.610836
                   1.542                      -13.633034
                   1.545                      -12.734441
                   1.548                      -11.894461
                   1.551                      -11.100229
                   1.554                       -10.34524
                   1.557                       -9.627973
                    1.56                       -8.950498
                   1.563                      -8.3171606
                   1.566                      -7.7334879
                   1.569                      -7.2053861
                   1.572                      -6.7386375
                   1.575                      -6.3386504
                   1.578                      -6.0103972
                   1.581                      -5.7584741
                   1.584                      -5.5872337
                   1.587                      -5.5009523
                    1.59                      -5.5040111
                   1.593                      -5.6010752
                   1.596                      -5.7972574
                   1.599                      -6.0982416
                   1.602                      -6.5103188
                   1.605                      -7.0402263
                   1.608                      -7.6945518
                   1.611                      -8.4781867
                   1.614                      -9.3907375
                   1.617                      -10.418736
                    1.62                      -11.520152
                   1.623                      -12.599057
                   1.626                       -13.48363
                   1.629                       -13.96037
                   1.632                       -13.90981
                   1.635                      -13.417545
                   1.638                      -12.694003
                   1.641                      -11.926878
                   1.644                      -11.227784
                   1.647                      -10.648809
                    1.65                      -10.209035
                   1.653                      -9.9117144
                   1.656                      -9.7528787
                   1.659                      -9.7249446
                   1.662                      -9.8176216
                   1.665                      -10.017252
                   1.668                      -10.305088
                   1.671                      -10.654892
                   1.674                      -11.030678
                   1.677                      -11.386379
                    1.68                      -11.670266
                   1.683                      -11.836131
                   1.686                      -11.858481
                   1.689                      -11.742814
                   1.692                      -11.523071
                   1.695                        -11.2483
                   1.698                      -10.968118
                   1.701                      -10.723963
                   1.704                      -10.546701
                   1.707                      -10.457901
                    1.71                      -10.472268
                   1.713                      -10.599903
                   1.716                      -10.847924
                   1.719                      -11.221324
                   1.722                      -11.722999
                   1.725                      -12.352702
                   1.728                      -13.104361
                   1.731                      -13.960848
                   1.734                      -14.885166
                   1.737                      -15.808854
                    1.74                      -16.625374
                   1.743                      -17.208237
                   1.746                      -17.468654
                   1.749                      -17.416224
                   1.752                      -17.153581
                   1.755                       -16.81199
                   1.758                      -16.498646
                   1.761                      -16.283565
                   1.764                      -16.208172
                   1.767                      -16.297324
                    1.77                      -16.568438
                   1.773                      -17.037525
                   1.776                      -17.723382
                   1.779                      -18.651102
                   1.782                      -19.855674
                   1.785                      -21.385569
                   1.788                      -23.302465
                   1.791                      -25.654406
                   1.794                      -28.310177
                   1.797                      -30.360352
                     1.8                        -30.2155
                   1.803                      -28.515217
                   1.806                      -26.786567
                   1.809                      -25.493535
                   1.812                      -24.658464
                   1.815                      -24.234889
                   1.818                      -24.186336
                   1.821                       -24.49839
                   1.824                      -25.181077
                   1.827                       -26.27402
                    1.83                      -27.860194
                   1.833                      -30.097718
                   1.836                      -33.284901
                   1.839                      -37.823425
                   1.842                      -41.101294
                   1.845                      -37.433533
                   1.848                      -33.798446
                   1.851                      -31.468519
                   1.854                      -30.025991
                   1.857                      -29.210491
                    1.86                       -28.87882
                   1.863                      -28.938582
                   1.866                       -29.30156
                   1.869                      -29.833551
                   1.872                       -30.29991
                   1.875                       -30.38299
                   1.878                      -29.889672
                   1.881                      -28.950276
                   1.884                      -27.869597
                   1.887                      -26.889609
                    1.89                      -26.140346
                   1.893                      -25.685865
                   1.896                      -25.568101
                   1.899                       -25.83515
                   1.902                      -26.565753
                   1.905                      -27.908724
                   1.908                      -30.184399
                   1.911                      -34.270122
                   1.914                      -44.779838
                   1.917                      -40.311458
                    1.92                       -31.74527
                   1.923                      -27.429665
                   1.926                      -24.602658
                   1.929                      -22.591767
                   1.932                      -21.130672
                   1.935                      -20.091026
                   1.938                      -19.406346
                   1.941                      -19.044066
                   1.944                      -18.993943
                   1.947                      -19.263045
                    1.95                      -19.872545
                   1.953                      -20.849161
                   1.956                      -22.187026
                   1.959                      -23.696384
                   1.962                      -24.632628
                   1.965                      -23.932203
                   1.968                      -21.926503
                   1.971                      -19.712294
                   1.974                      -17.772628
                   1.977                      -16.191271
                    1.98                      -14.946923
                   1.983                      -14.004587
                   1.986                      -13.335766
                   1.989                      -12.920875
                   1.992                      -12.747407
                   1.995                      -12.806257
                   1.998                      -13.084926
                   2.001                      -13.553285
                   2.004                      -14.134304
                   2.007                      -14.656962
                    2.01                      -14.835874
                   2.013                      -14.406345
                   2.016                      -13.377917
                   2.019                      -12.021229
                   2.022                      -10.611472
                   2.025                      -9.3068392
                   2.028                      -8.1736611
                   2.031                      -7.2320889
                   2.034                      -6.4830454
                   2.037                      -5.9200795
                    2.04                      -5.5332039
                   2.043                      -5.3082893
                   2.046                      -5.2229508
                   2.049                      -5.2385587
                   2.052                      -5.2885936
                   2.055                      -5.2687651
                   2.058                      -5.0461492
                   2.061                      -4.5081003
                   2.064                       -3.630581
                   2.067                      -2.4935724
                    2.07                      -1.2236853
                   2.073                     0.068353577
                   2.076                       1.3103498
                   2.079                       2.4632977
                   2.082                       3.5093946
                   2.085                       4.4425325
                   2.088                        5.262441
                   2.091                       5.9714396
                   2.094                       6.5727295
                   2.097                        7.069522
                     2.1                       7.4646061
                   2.103                        7.760138
                   2.106                       7.9575393
                   2.109                       8.0574437
                   2.112                       8.0596582
                   2.115                       7.9631257
                   2.118                       7.7658793
                   2.121                       7.4649893
                   2.124                       7.0565145
                   2.127                       6.5354859
                    2.13                       5.8959915
                   2.133                        5.131514
                   2.136                       4.2358558
                   2.139                       3.2053785
                   2.142                       2.0440884
                   2.145                      0.77449436
                   2.148                     -0.54168265
                   2.151                      -1.7739998
                   2.154                      -2.7141737
                   2.157                      -3.1585267
                    2.16                      -3.0719371
                   2.163                      -2.6235716
                   2.166                      -2.0369706
                   2.169                      -1.4702383
                   2.172                      -1.0042753
                   2.175                     -0.67091588
                   2.178                     -0.47664825
                   2.181                     -0.41534251
                   2.184                      -0.4736258
                   2.187                     -0.63232117
                    2.19                     -0.86601362
                   2.193                      -1.1422081
                   2.196                      -1.4216577
                   2.199                      -1.6616999
                   2.202                      -1.8237295
                   2.205                      -1.8832527
                   2.208                      -1.8375414
                   2.211                      -1.7057884
                   2.214                      -1.5215673
                   2.217                      -1.3225075
                    2.22                      -1.1423131
                   2.223                      -1.0069165
                   2.226                     -0.93379663
                   2.229                     -0.93277767
                   2.232                      -1.0070799
                   2.235                       -1.154028
                   2.238                      -1.3652681
                   2.241                      -1.6266407
                   2.244                      -1.9181145
                   2.247                      -2.2144689
                    2.25                      -2.4875668
                   2.253                      -2.7107473
                   2.256                       -2.864733
                   2.259                      -2.9428971
                   2.262                       -2.953184
                   2.265                      -2.9155473
                   2.268                      -2.8563624
                   2.271                      -2.8025568
                   2.274                      -2.7774209
                   2.277                      -2.7985023
                    2.28                      -2.8769783
                   2.283                      -3.0176919
                   2.286                      -3.2192636
                   2.289                      -3.4740262
                   2.292                      -3.7678577
                   2.295                      -4.0803277
                   2.298                      -4.3858918
                   2.301                      -4.6569515
                   2.304                      -4.8690362
                   2.307                      -5.0069623
                    2.31                      -5.0693733
                   2.313                      -5.0691778
                   2.316                      -5.0296161
                   2.319                      -4.9781408
                   2.322                      -4.9408504
                   2.325                      -4.9389363
                   2.328                      -4.9870943
                   2.331                      -5.0931277
                   2.334                      -5.2579775
                   2.337                      -5.4757418
                    2.34                      -5.7336391
                   2.343                      -6.0122613
                   2.346                      -6.2868128
                   2.349                      -6.5301461
                   2.352                       -6.717884
                   2.355                      -6.8345588
                   2.358                      -6.8782471
                   2.361                      -6.8612034
                   2.364                      -6.8061172
                   2.367                      -6.7400777
                    2.37                      -6.6889762
                   2.373                       -6.673862
                   2.376                      -6.7092639
                   2.379                      -6.8027378
                   2.382                      -6.9548917
                   2.385                      -7.1594687
                   2.388                      -7.4034697
                   2.391                      -7.6676888
                   2.394                      -7.9283315
                   2.397                      -8.1603866
                     2.4                      -8.3427672
                   2.403                       -8.463923
                   2.406                      -8.5255098
                   2.409                      -8.5421471
                   2.412                       -8.537398
                   2.415                      -8.5380792
                   2.418                      -8.5692235
                   2.421                       -8.650802
                   2.424                      -8.7960328
                   2.427                      -9.0105299
                    2.43                      -9.2916076
                   2.433                      -9.6274525
                   2.436                      -9.9964807
                   2.439                       -10.36799
                   2.442                      -10.705888
                   2.445                       -10.97682
                   2.448                      -11.161359
                   2.451                      -11.263033
                   2.454                      -11.309518
                   2.457                      -11.345459
                    2.46                      -11.422198
                   2.463                      -11.590141
                   2.466                      -11.895831
                   2.469                       -12.38258
                   2.472                      -13.092201
                   2.475                      -14.063938
                   2.478                      -15.320348
                   2.481                      -16.807195
                   2.484                       -18.20949
                   2.487                      -18.733835
                    2.49                      -17.788518
                   2.493                       -15.97005
                   2.496                      -14.071794
                   2.499                       -12.40955
                   2.502                      -11.040963
                   2.505                      -9.9497018
                   2.508                      -9.1064178
                   2.511                      -8.4841966
                   2.514                      -8.0610962
                   2.517                      -7.8192527
                    2.52                      -7.7430036
                   2.523                      -7.8164572
                   2.526                      -8.0203325
                   2.529                      -8.3278015
                   2.532                      -8.6995238
                   2.535                      -9.0795874
                   2.538                      -9.3969398
                   2.541                      -9.5787832
                   2.544                      -9.5764764
                   2.547                      -9.3889286
                    2.55                      -9.0626465
                   2.553                      -8.6681622
                   2.556                      -8.2734564
                   2.559                      -7.9295246
                   2.562                      -7.6675672
                   2.565                      -7.5011053
                   2.568                       -7.428108
                   2.571                      -7.4312249
                   2.574                      -7.4763585
                   2.577                      -7.5118336
                    2.58                      -7.4728119
                   2.583                      -7.2960248
                   2.586                      -6.9431606
                   2.589                      -6.4188188
                   2.592                         -5.7677
                   2.595                      -5.0537988
                   2.598                       -4.338769
                   2.601                      -3.6707508
                   2.604                      -3.0829517
                   2.607                      -2.5968112
                    2.61                      -2.2260023
                   2.613                      -1.9797668
                   2.616                      -1.8653414
                   2.619                      -1.8896735
                   2.622                      -2.0606949
                   2.625                      -2.3883706
                   2.628                       -2.885659
                   2.631                      -3.5693758
                   2.634                       -4.460593
                   2.637                      -5.5830851
                    2.64                      -6.9546761
                   2.643                      -8.5548024
                   2.646                      -10.223948
                   2.649                      -11.467084
                   2.652                      -11.557932
                   2.655                      -10.466984
                   2.658                       -8.910317
                   2.661                       -7.405918
                   2.664                      -6.1264608
                   2.667                      -5.0967928
                    2.67                      -4.3001962
                   2.673                      -3.7131595
                   2.676                      -3.3147906
                   2.679                       -3.088638
                   2.682                      -3.0224401
                   2.685                      -3.1074133
                   2.688                      -3.3375074
                   2.691                      -3.7086746
                   2.694                      -4.2180587
                   2.697                      -4.8629025
                     2.7                      -5.6388321
                   2.703                      -6.5369612
                   2.706                      -7.5390139
                   2.709                      -8.6097293
                   2.712                      -9.6873556
                   2.715                       -10.67836
                   2.718                      -11.471218
                   2.721                       -11.98128
                   2.724                      -12.202677
                   2.727                      -12.213386
                    2.73                      -12.127357
                   2.733                      -12.045668
                   2.736                      -12.038149
                   2.739                      -12.146814
                   2.742                      -12.395145
                   2.745                      -12.795711
                   2.748                      -13.354499
                   2.751                      -14.072031
                   2.754                      -14.940987
                   2.757                       -15.93885
                    2.76                      -17.013164
                   2.763                      -18.059693
                   2.766                      -18.910084
                   2.769                      -19.376005
                   2.772                      -19.369759
                   2.775                      -18.980267
                   2.778                      -18.393579
                   2.781                      -17.773205
                   2.784                      -17.217737
                   2.787                      -16.773154
                    2.79                      -16.453196
                   2.793                      -16.251632
                   2.796                      -16.146113
                   2.799                      -16.096482
                   2.802                      -16.041495
                   2.805                      -15.900788
                   2.808                      -15.591363
                   2.811                      -15.059985
                   2.814                      -14.311364
                   2.817                      -13.405234
                    2.82                      -12.425382
                   2.823                      -11.449098
                   2.826                      -10.533829
                   2.829                      -9.7176039
                   2.832                       -9.024583
                   2.835                      -8.4707237
                   2.838                      -8.0680534
                   2.841                      -7.8276087
                   2.844                      -7.7614239
                   2.847                       -7.883805
                    2.85                      -8.2116699
                   2.853                      -8.7625958
                   2.856                      -9.5460047
                   2.859                      -10.533969
                   2.862                      -11.580158
                   2.865                       -12.27629
                   2.868                      -12.022206
                   2.871                      -10.699188
                   2.874                       -8.850014
                   2.877                      -6.9700464
                    2.88                      -5.2651102
                   2.883                      -3.7844781
                   2.886                      -2.5238884
                   2.889                      -1.4658034
                   2.892                     -0.59230268
                   2.895                      0.11135948
                   2.898                      0.65610592
                   2.901                       1.0491744
                   2.904                       1.2943486
                   2.907                       1.3920503
                    2.91                       1.3391913
                   2.913                        1.128702
                   2.916                      0.74860002
                   2.919                      0.18035891
                   2.922                     -0.60387988
                   2.925                      -1.6461024
                   2.928                      -3.0107939
                   2.931                      -4.7992257
                   2.934                       -7.167679
                   2.937                      -10.281468
                    2.94                      -13.504562
                   2.943                      -13.113703
                   2.946                      -9.7415394
                   2.949                      -6.7360907
                   2.952                      -4.4598916
                   2.955                      -2.7338074
                   2.958                      -1.4099903
                   2.961                     -0.39316074
                   2.964                      0.37807045
                   2.967                       0.9445225
                    2.97                       1.3342375
                   2.973                       1.5670421
                   2.976                       1.6573304
                   2.979                       1.6158679
                   2.982                       1.4510639
                   2.985                       1.1699832
                   2.988                       0.7792793
                   2.991                      0.28619157
                   2.994                     -0.30027795
                   2.997                     -0.96793943
                       3                      -1.6997933
