                       0                      -46.998285
                   0.003                      -47.005645
                   0.006                        -47.0257
                   0.009                      -47.052724
                   0.012                      -47.078359
                   0.015                       -47.09334
                   0.018                      -47.089679
                   0.021                      -47.062827
                   0.024                      -47.013192
                   0.027                      -46.946487
                    0.03                      -46.872786
                   0.033                      -46.804647
                   0.036                      -46.754894
                   0.039                      -46.734567
                   0.042                      -46.751264
                   0.045                      -46.807886
                   0.048                      -46.901681
                   0.051                      -47.023576
                   0.054                      -47.158063
                   0.057                      -47.284149
                    0.06                      -47.378062
                   0.063                      -47.417981
                   0.066                       -47.38988
                   0.069                      -47.292226
                   0.072                      -47.137136
                   0.075                      -46.947353
                   0.078                      -46.750771
                   0.081                      -46.575063
                   0.084                      -46.443984
                   0.087                      -46.375516
                    0.09                      -46.381166
                   0.093                      -46.465556
                   0.096                      -46.625694
                   0.099                      -46.849582
                   0.102                      -47.114358
                   0.105                      -47.384984
                   0.108                      -47.615755
                   0.111                      -47.757651
                   0.114                       -47.77232
                   0.117                      -47.647241
                    0.12                      -47.401922
                   0.123                      -47.080211
                   0.126                      -46.734904
                   0.129                      -46.414666
                   0.132                       -46.15776
                   0.135                      -45.991244
                   0.138                      -45.932528
                   0.141                      -45.991034
                   0.144                       -46.16875
                   0.147                      -46.459012
                    0.15                      -46.843058
                   0.153                       -47.28433
                   0.156                      -47.722411
                   0.159                      -48.073018
                   0.162                      -48.245144
                   0.165                      -48.178803
                   0.168                      -47.879825
                   0.171                      -47.417053
                   0.174                       -46.88514
                   0.177                      -46.369003
                    0.18                      -45.929703
                   0.183                      -45.606118
                   0.186                      -45.421577
                   0.189                      -45.389736
                   0.192                      -45.518077
                   0.195                      -45.808778
                   0.198                      -46.256512
                   0.201                      -46.841863
                   0.204                      -47.518338
                   0.207                      -48.193293
                    0.21                      -48.716319
                   0.213                      -48.913904
                   0.216                      -48.692422
                   0.219                      -48.116769
                   0.222                      -47.355701
                   0.225                       -46.57211
                   0.228                       -45.87345
                   0.231                      -45.317876
                   0.234                      -44.934047
                   0.237                      -44.736229
                    0.24                      -44.732895
                   0.243                      -44.930849
                   0.246                      -45.336223
                   0.249                      -45.952133
                   0.252                      -46.770215
                   0.255                      -47.749046
                   0.258                      -48.768854
                   0.261                      -49.573503
                   0.264                      -49.814267
                   0.267                      -49.333555
                    0.27                       -48.35207
                   0.273                      -47.217551
                   0.276                      -46.160079
                   0.279                      -45.282502
                   0.282                      -44.620592
                   0.285                      -44.183788
                   0.288                      -43.974237
                   0.291                      -43.994861
                   0.294                      -44.252774
                   0.297                      -44.760583
                     0.3                       -45.53561
                   0.303                      -46.593618
                   0.306                       -47.92466
                   0.309                       -49.41535
                   0.312                      -50.670401
                   0.315                      -50.968768
                   0.318                      -50.035159
                   0.321                      -48.486029
                   0.324                      -46.931593
                   0.327                       -45.61389
                    0.33                      -44.585839
                   0.333                      -43.843132
                   0.336                      -43.371508
                   0.339                      -43.160913
                   0.342                      -43.209716
                   0.345                       -43.52657
                   0.348                      -44.132357
                   0.351                       -45.06274
                   0.354                      -46.369427
                   0.357                      -48.107443
                    0.36                      -50.242286
                   0.363                      -52.226885
                   0.366                      -52.468416
                   0.369                      -50.615972
                   0.372                      -48.308937
                   0.375                      -46.343692
                   0.378                      -44.820502
                   0.381                      -43.692854
                   0.384                      -42.908025
                   0.387                      -42.429542
                    0.39                      -42.238007
                   0.393                      -42.329783
                   0.396                      -42.717398
                   0.399                       -43.43302
                   0.402                      -44.536894
                   0.405                      -46.134514
                   0.408                      -48.406437
                   0.411                      -51.603748
                   0.414                      -55.221457
                   0.417                      -54.598784
                    0.42                       -50.71686
                   0.423                       -47.54906
                   0.426                      -45.266593
                   0.429                      -43.621174
                   0.432                      -42.449195
                   0.435                       -41.65654
                   0.438                      -41.191164
                   0.441                      -41.028439
                   0.444                      -41.164958
                   0.447                      -41.618127
                    0.45                      -42.431772
                   0.453                      -43.691935
                   0.456                      -45.567234
                   0.459                      -48.427406
                   0.462                      -53.320424
                   0.465                      -65.301491
                   0.468                      -56.404207
                   0.471                      -49.661156
                   0.474                      -45.995321
                   0.477                      -43.591098
                    0.48                      -41.911826
                   0.483                      -40.731221
                   0.486                      -39.937222
                   0.489                      -39.471562
                   0.492                      -39.306958
                   0.495                      -39.438312
                   0.498                      -39.881036
                   0.501                      -40.675222
                   0.504                      -41.898067
                   0.507                      -43.692799
                    0.51                      -46.334403
                   0.513                      -50.322633
                   0.516                      -54.769552
                   0.519                      -51.558172
                   0.522                      -46.860672
                   0.525                      -43.641311
                   0.528                      -41.385284
                   0.531                      -39.757559
                   0.534                      -38.583949
                   0.537                      -37.769441
                    0.54                      -37.260954
                   0.543                      -37.030546
                   0.546                      -37.067683
                   0.549                      -37.375994
                   0.552                      -37.972436
                   0.555                      -38.887061
                   0.558                      -40.158434
                   0.561                      -41.803998
                   0.564                      -43.682744
                   0.567                      -45.080792
                    0.57                      -44.743423
                   0.573                      -42.877811
                   0.576                      -40.741569
                   0.579                      -38.889557
                   0.582                      -37.406497
                   0.585                      -36.262354
                   0.588                      -35.415279
                   0.591                        -34.8322
                   0.594                       -34.49076
                   0.597                       -34.37777
                     0.6                      -34.487267
                   0.603                      -34.818351
                   0.606                      -35.371601
                   0.609                      -36.141041
                   0.612                        -37.0945
                   0.615                      -38.129322
                   0.618                      -39.001766
                   0.621                      -39.328653
                   0.624                      -38.866689
                   0.627                      -37.802889
                    0.63                      -36.523141
                   0.633                      -35.294268
                   0.636                      -34.232566
                   0.639                       -33.37398
                   0.642                      -32.722754
                   0.645                      -32.273269
                   0.648                      -32.018432
                   0.651                      -31.952427
                   0.654                      -32.070971
                   0.657                      -32.369945
                    0.66                      -32.841944
                   0.663                      -33.469004
                   0.666                      -34.208482
                   0.669                      -34.969883
                   0.672                      -35.592797
                   0.675                      -35.870574
                   0.678                      -35.668101
                   0.681                      -35.039731
                   0.684                      -34.178027
                   0.687                      -33.272129
                    0.69                      -32.442168
                   0.693                      -31.748306
                   0.696                      -31.216145
                   0.699                      -30.854864
                   0.702                      -30.666959
                   0.705                       -30.65279
                   0.708                      -30.812233
                   0.711                      -31.144405
                   0.714                      -31.645292
                   0.717                      -32.301986
                    0.72                      -33.080888
                   0.723                      -33.907097
                   0.726                      -34.640301
                   0.729                      -35.081384
                   0.732                      -35.066022
                   0.735                        -34.5986
                   0.738                      -33.848435
                   0.741                      -33.014163
                   0.744                      -32.234054
                   0.747                      -31.581846
                    0.75                      -31.091152
                   0.753                      -30.775784
                   0.756                      -30.641322
                   0.759                      -30.690787
                   0.762                       -30.92694
                   0.765                      -31.352358
                   0.768                      -31.967001
                   0.771                       -32.76129
                   0.774                      -33.700123
                   0.777                      -34.691402
                    0.78                      -35.544767
                   0.783                      -35.983576
                   0.786                      -35.815259
                   0.789                      -35.126058
                   0.792                      -34.188132
                   0.795                      -33.238625
                   0.798                      -32.408339
                   0.801                      -31.753356
                   0.804                       -31.29345
                   0.807                      -31.034151
                    0.81                      -30.977048
                   0.813                      -31.124106
                   0.816                      -31.478966
                   0.819                      -32.045959
                   0.822                      -32.825523
                   0.825                      -33.801586
                   0.828                      -34.911102
                   0.831                      -35.985282
                   0.834                      -36.700644
                   0.837                      -36.716074
                    0.84                      -36.020818
                   0.843                      -34.948317
                   0.846                      -33.829465
                   0.849                      -32.841031
                   0.852                      -32.050695
                   0.855                      -31.477167
                   0.858                      -31.122041
                   0.861                      -30.983225
                   0.864                      -31.060092
                   0.867                      -31.355049
                    0.87                       -31.87297
                   0.873                      -32.617647
                   0.876                      -33.581251
                   0.879                      -34.716736
                   0.882                      -35.876729
                   0.885                      -36.735744
                   0.888                      -36.877606
                   0.891                      -36.203962
                   0.894                      -35.063742
                   0.897                      -33.847062
                     0.9                      -32.762893
                   0.903                      -31.887488
                   0.906                      -31.239291
                   0.909                      -30.817525
                   0.912                      -30.617671
                   0.915                      -30.637084
                   0.918                       -30.87666
                   0.921                      -31.340414
                   0.924                      -32.032492
                   0.927                      -32.948255
                    0.93                      -34.050553
                   0.933                      -35.214771
                   0.936                      -36.146271
                   0.939                      -36.418022
                   0.942                      -35.847946
                   0.945                      -34.734977
                   0.948                      -33.491978
                   0.951                      -32.359029
                   0.954                      -31.428051
                   0.957                      -30.722967
                    0.96                      -30.244127
                   0.963                      -29.986471
                   0.966                      -29.946156
                   0.969                      -30.122584
                   0.972                      -30.518228
                   0.975                      -31.136175
                   0.978                      -31.972903
                   0.981                      -32.999405
                   0.984                      -34.117367
                   0.987                      -35.086406
                    0.99                      -35.517444
                   0.993                      -35.150392
                   0.996                      -34.166431
                   0.999                        -32.9614
                   1.002                      -31.811486
                   1.005                      -30.837341
                   1.008                      -30.076945
                   1.011                       -29.53623
                   1.014                      -29.211737
                   1.017                      -29.099409
                    1.02                      -29.197631
                   1.023                      -29.507741
                   1.026                      -30.032663
                   1.029                      -30.772334
                   1.032                      -31.711679
                   1.035                      -32.791691
                   1.038                      -33.852654
                   1.041                       -34.58125
                   1.044                      -34.628569
                   1.047                      -33.954696
                    1.05                      -32.878624
                   1.053                      -31.738301
                   1.056                      -30.719975
                   1.059                      -29.896532
                   1.062                      -29.288859
                   1.065                      -28.899389
                   1.068                      -28.726499
                   1.071                      -28.770244
                   1.074                      -29.034573
                   1.077                      -29.527882
                    1.08                      -30.261829
                   1.083                      -31.245921
                   1.086                      -32.469768
                   1.089                      -33.851943
                   1.092                      -35.126307
                   1.095                      -35.763081
                   1.098                      -35.356317
                   1.101                      -34.185384
                   1.104                      -32.811486
                   1.107                      -31.561809
                    1.11                      -30.548398
                   1.113                      -29.793347
                   1.116                      -29.292153
                   1.119                      -29.036763
                   1.122                      -29.023263
                   1.125                      -29.254518
                   1.128                      -29.741293
                   1.131                      -30.502469
                   1.134                      -31.562499
                   1.137                      -32.937651
                    1.14                      -34.581036
                   1.143                       -36.20817
                   1.146                      -37.043802
                   1.149                      -36.395856
                   1.152                      -34.792133
                   1.155                      -33.078614
                   1.158                      -31.610956
                   1.161                      -30.460261
                   1.164                      -29.616279
                   1.167                      -29.055931
                    1.17                       -28.76123
                   1.173                      -28.723252
                   1.176                      -28.942901
                   1.179                      -29.431298
                   1.182                      -30.210046
                   1.185                       -31.30928
                   1.188                      -32.754064
                   1.191                      -34.502332
                   1.194                      -36.226191
                   1.197                      -36.981444
                     1.2                      -36.041155
                   1.203                      -34.195331
                   1.206                      -32.356942
                   1.209                      -30.828538
                   1.212                      -29.645046
                   1.215                      -28.780305
                   1.218                      -28.204551
                   1.221                      -27.896891
                   1.224                      -27.847074
                   1.227                      -28.055343
                    1.23                      -28.532367
                   1.233                      -29.299156
                   1.236                      -30.384469
                   1.239                      -31.809554
                   1.242                       -33.52179
                   1.245                      -35.171572
                   1.248                      -35.817819
                   1.251                      -34.815201
                   1.254                      -32.965405
                   1.257                      -31.133874
                    1.26                      -29.605941
                   1.263                      -28.415117
                   1.266                      -27.536427
                   1.269                      -26.941009
                   1.272                      -26.608228
                   1.275                      -26.527438
                   1.278                      -26.697753
                   1.281                      -27.127738
                   1.284                      -27.834831
                   1.287                      -28.842081
                    1.29                      -30.163038
                   1.293                      -31.743141
                   1.296                      -33.278679
                   1.299                      -33.978842
                   1.302                      -33.200448
                   1.305                      -31.513419
                   1.308                      -29.738802
                   1.311                      -28.210895
                   1.314                      -26.993987
                   1.317                      -26.075905
                    1.32                      -25.432478
                   1.323                      -25.044253
                   1.326                      -24.899999
                   1.329                      -24.997024
                   1.332                      -25.340925
                   1.335                      -25.944931
                   1.338                      -26.827113
                   1.341                      -27.999078
                   1.344                      -29.425223
                   1.347                       -30.89935
                    1.35                      -31.834521
                   1.353                      -31.517163
                   1.356                      -30.119781
                   1.359                      -28.412411
                   1.362                      -26.847002
                   1.365                      -25.554733
                   1.368                      -24.547768
                   1.371                      -23.809194
                   1.374                      -23.320604
                   1.377                      -23.069374
                    1.38                      -23.050226
                   1.383                       -23.26539
                   1.386                      -23.724375
                   1.389                      -24.442734
                   1.392                      -25.436732
                   1.395                      -26.703398
                   1.398                      -28.154906
                   1.401                      -29.454085
                   1.404                      -29.901114
                   1.407                      -29.075243
                    1.41                      -27.499546
                   1.413                      -25.838276
                   1.416                      -24.381711
                   1.419                      -23.198726
                   1.422                      -22.286776
                   1.425                       -21.62835
                   1.428                      -21.207786
                   1.431                      -21.015722
                   1.434                      -21.050168
                   1.437                      -21.316932
                    1.44                      -21.830061
                   1.443                      -22.611825
                   1.446                      -23.689472
                   1.449                      -25.077967
                   1.452                      -26.710421
                   1.455                      -28.223883
                   1.458                       -28.73126
                   1.461                      -27.688269
                   1.464                      -25.841493
                   1.467                      -23.986721
                    1.47                      -22.400313
                   1.473                      -21.120977
                   1.476                        -20.1274
                   1.479                      -19.391734
                   1.482                      -18.892413
                   1.485                      -18.616451
                   1.488                        -18.5596
                   1.491                      -18.726684
                   1.494                      -19.132914
                   1.497                      -19.806757
                     1.5                      -20.794983
                   1.503                      -22.169774
                   1.506                       -24.02978
                   1.509                      -26.427935
                   1.512                      -28.817156
                   1.515                      -28.834508
                   1.518                      -26.109461
                   1.521                      -23.134843
                   1.524                      -20.664032
                   1.527                      -18.666937
                    1.53                      -17.033987
                   1.533                      -15.678463
                   1.536                      -14.538676
                   1.539                      -13.570423
                   1.542                      -12.741063
                   1.545                       -12.02571
                   1.548                      -11.404895
                   1.551                       -10.86314
                   1.554                      -10.388102
                   1.557                      -9.9700671
                    1.56                      -9.6016486
                   1.563                       -9.277584
                   1.566                      -8.9945673
                   1.569                      -8.7510722
                   1.572                      -8.5471491
                   1.575                       -8.384196
                   1.578                      -8.2647179
                   1.581                      -8.1920942
                   1.584                      -8.1703739
                   1.587                      -8.2041117
                    1.59                      -8.2982524
                   1.593                      -8.4580614
                   1.596                      -8.6890914
                   1.599                      -8.9971678
                   1.602                       -9.388362
                   1.605                      -9.8688943
                   1.608                      -10.444868
                   1.611                      -11.121635
                   1.614                      -11.902412
                   1.617                      -12.785431
                    1.62                      -13.758361
                   1.623                      -14.788246
                   1.626                      -15.806376
                   1.629                      -16.695012
                   1.632                      -17.300988
                   1.635                      -17.505113
                   1.638                      -17.308678
                   1.641                      -16.832932
                   1.644                       -16.23221
                   1.647                      -15.624915
                    1.65                      -15.080191
                   1.653                      -14.631132
                   1.656                      -14.289656
                   1.659                      -14.056192
                   1.662                      -13.924791
                   1.665                      -13.885371
                   1.668                      -13.924382
                   1.671                      -14.024674
                   1.674                      -14.165183
                   1.677                      -14.321025
                    1.68                      -14.464692
                   1.683                      -14.568895
                   1.686                      -14.610962
                   1.689                      -14.577583
                   1.692                      -14.467814
                   1.695                      -14.292749
                   1.698                      -14.071999
                   1.701                      -13.828788
                   1.704                      -13.585672
                   1.707                      -13.361918
                    1.71                      -13.172514
                   1.713                      -13.028257
                   1.716                      -12.936367
                   1.719                      -12.901218
                   1.722                      -12.925012
                   1.725                      -13.008301
                   1.728                      -13.150368
                   1.731                      -13.349465
                   1.734                      -13.602949
                   1.737                      -13.907331
                    1.74                      -14.258253
                   1.743                       -14.65043
                   1.746                      -15.077563
                   1.749                      -15.532273
                   1.752                      -16.006101
                   1.755                       -16.48963
                   1.758                      -16.972829
                   1.761                      -17.445663
                   1.764                      -17.898993
                   1.767                      -18.325705
                    1.77                      -18.721854
                   1.773                      -19.087571
                   1.776                      -19.427478
                   1.779                      -19.750498
                   1.782                      -20.069145
                   1.785                      -20.398548
                   1.788                      -20.755484
                   1.791                      -21.157661
                   1.794                      -21.623357
                   1.797                       -22.17143
                     1.8                      -22.821643
                   1.803                      -23.595219
                   1.806                      -24.515394
                   1.809                       -25.60746
                   1.812                      -26.896667
                   1.815                      -28.399127
                   1.818                      -30.091402
                   1.821                      -31.825611
                   1.824                      -33.181135
                   1.827                       -33.55283
                    1.83                      -32.856461
                   1.833                      -31.663987
                   1.836                      -30.469418
                   1.839                      -29.472744
                   1.842                      -28.721764
                   1.845                      -28.213454
                   1.848                      -27.932394
                   1.851                      -27.862608
                   1.854                       -27.99032
                   1.857                      -28.303693
                    1.86                      -28.791452
                   1.863                      -29.440943
                   1.866                      -30.235982
                   1.869                        -31.1552
                   1.872                      -32.172592
                   1.875                      -33.263117
                   1.878                      -34.415687
                   1.881                      -35.651279
                   1.884                      -37.034537
                   1.887                      -38.649683
                    1.89                      -40.434437
                   1.893                      -41.565242
                   1.896                      -40.403101
                   1.899                      -37.523438
                   1.902                      -34.550307
                   1.905                       -31.98673
                   1.908                      -29.854486
                   1.911                      -28.096565
                   1.914                      -26.660235
                   1.917                      -25.507695
                    1.92                      -24.614606
                   1.923                      -23.967786
                   1.926                      -23.563928
                   1.929                      -23.409663
                   1.932                      -23.523155
                   1.935                      -23.937846
                   1.938                      -24.709517
                   1.941                      -25.928264
                   1.944                      -27.731691
                   1.947                      -30.253296
                    1.95                      -32.916811
                   1.953                      -32.450822
                   1.956                      -28.977892
                   1.959                      -25.702797
                   1.962                      -23.144104
                   1.965                      -21.164169
                   1.968                      -19.627183
                   1.971                      -18.444914
                   1.974                      -17.563338
                   1.977                      -16.950982
                    1.98                      -16.592138
                   1.983                      -16.483281
                   1.986                       -16.63125
                   1.989                      -17.051698
                   1.992                      -17.764636
                   1.995                      -18.776817
                   1.998                      -20.017915
                   2.001                      -21.157999
                   2.004                      -21.418761
                   2.007                      -20.260864
                    2.01                        -18.2715
                   2.013                      -16.207211
                   2.016                      -14.374085
                   2.019                      -12.832284
                   2.022                      -11.570181
                   2.025                      -10.563653
                   2.028                       -9.791829
                   2.031                      -9.2402001
                   2.034                      -8.9002501
                   2.037                      -8.7677911
                    2.04                      -8.8396518
                   2.043                      -9.1063719
                   2.046                      -9.5352926
                   2.049                      -10.034308
                   2.052                      -10.395373
                   2.055                      -10.287717
                   2.058                      -9.4607205
                   2.061                      -8.0129947
                   2.064                      -6.2718449
                   2.067                      -4.5038386
                    2.07                      -2.8402652
                   2.073                      -1.3268913
                   2.076                     0.028817516
                   2.079                       1.2336383
                   2.082                       2.2984314
                   2.085                       3.2342268
                   2.088                       4.0508702
                   2.091                       4.7566723
                   2.094                       5.3584293
                   2.097                        5.861561
                     2.1                       6.2702665
                   2.103                       6.5876629
                   2.106                       6.8158924
                   2.109                       6.9561989
                   2.112                       7.0089714
                   2.115                       6.9737589
                   2.118                       6.8492541
                   2.121                       6.6332498
                   2.124                       6.3225655
                   2.127                       5.9129477
                    2.13                       5.3989533
                   2.133                       4.7738395
                   2.136                       4.0295266
                   2.139                       3.1567935
                   2.142                       2.1460926
                   2.145                      0.98990989
                   2.148                     -0.31117805
                   2.151                      -1.7340995
                   2.154                      -3.2028612
                   2.157                      -4.5415307
                    2.16                      -5.4635595
                   2.163                      -5.7267233
                   2.166                      -5.3768539
                   2.169                      -4.6973955
                   2.172                      -3.9546227
                   2.175                      -3.2963288
                   2.178                      -2.7829311
                   2.181                      -2.4315265
                   2.184                      -2.2409286
                   2.187                      -2.2025961
                    2.19                       -2.304387
                   2.193                      -2.5307932
                   2.196                       -2.861193
                   2.199                      -3.2668357
                   2.202                      -3.7074771
                   2.205                      -4.1298161
                   2.208                       -4.471664
                   2.211                      -4.6754931
                   2.214                      -4.7086287
                   2.217                      -4.5774997
                    2.22                       -4.323898
                   2.223                      -4.0065106
                   2.226                      -3.6820218
                   2.229                      -3.3950254
                   2.232                      -3.1762591
                   2.235                      -3.0448813
                   2.238                      -3.0115093
                   2.241                      -3.0805463
                   2.244                      -3.2513928
                   2.247                      -3.5185141
                    2.25                      -3.8704141
                   2.253                      -4.2876397
                   2.256                      -4.7402906
                   2.259                      -5.1864098
                   2.262                      -5.5740207
                   2.265                       -5.850101
                   2.268                      -5.9765093
                   2.271                      -5.9453624
                   2.274                      -5.7825966
                   2.277                      -5.5367065
                    2.28                      -5.2616561
                   2.283                      -5.0043436
                   2.286                      -4.7997248
                   2.289                      -4.6711295
                   2.292                      -4.6324969
                   2.295                      -4.6905379
                   2.298                      -4.8460123
                   2.301                      -5.0938916
                   2.304                      -5.4223964
                   2.307                      -5.8110626
                    2.31                      -6.2284432
                   2.313                      -6.6310499
                   2.316                      -6.9664844
                   2.319                      -7.1837536
                   2.322                      -7.2496268
                   2.325                       -7.162414
                   2.328                      -6.9527212
                   2.331                      -6.6705452
                   2.334                      -6.3686761
                   2.337                      -6.0916345
                    2.34                      -5.8719482
                   2.343                      -5.7309532
                   2.346                      -5.6810673
                   2.349                      -5.7278094
                   2.352                      -5.8709009
                   2.355                      -6.1042798
                   2.358                       -6.415053
                   2.361                      -6.7815998
                   2.364                      -7.1715372
                   2.367                      -7.5412583
                    2.37                       -7.839905
                   2.373                      -8.0201809
                   2.376                       -8.053935
                   2.379                      -7.9438214
                   2.382                      -7.7221671
                   2.385                      -7.4379816
                   2.388                      -7.1417013
                   2.391                      -6.8754945
                   2.394                      -6.6702043
                   2.397                      -6.5462351
                     2.4                      -6.5156548
                   2.403                      -6.5839868
                   2.406                      -6.7510806
                   2.409                       -7.010863
                   2.412                      -7.3499349
                   2.415                      -7.7451767
                   2.418                      -8.1611398
                   2.421                      -8.5493034
                   2.424                      -8.8528503
                   2.427                      -9.0200268
                    2.43                      -9.0230401
                   2.433                      -8.8708399
                   2.436                      -8.6053104
                   2.439                      -8.2842437
                   2.442                       -7.964017
                   2.445                      -7.6903025
                   2.448                      -7.4964926
                   2.451                      -7.4060488
                   2.454                      -7.4358015
                   2.457                      -7.5988611
                    2.46                       -7.906799
                   2.463                      -8.3711096
                   2.466                      -9.0039114
                   2.469                      -9.8174582
                   2.472                      -10.821029
                   2.475                      -12.011317
                   2.478                      -13.347188
                   2.481                      -14.694287
                   2.484                      -15.753437
                   2.487                      -16.129559
                    2.49                      -15.698328
                   2.493                      -14.766401
                   2.496                      -13.714974
                   2.499                      -12.761953
                   2.502                      -11.991208
                   2.505                      -11.424031
                   2.508                      -11.058609
                   2.511                      -10.886086
                   2.514                      -10.895849
                   2.517                      -11.076007
                    2.52                      -11.411058
                   2.523                       -11.87682
                   2.526                      -12.432172
                   2.529                      -13.008462
                   2.532                      -13.503346
                   2.535                      -13.795804
                   2.538                      -13.795762
                   2.541                      -13.500014
                   2.544                      -12.994005
                   2.547                      -12.397179
                    2.55                      -11.811657
                   2.553                      -11.305345
                   2.556                      -10.917111
                   2.559                      -10.666789
                   2.562                      -10.562642
                   2.565                      -10.604981
                   2.568                      -10.786134
                   2.571                      -11.086581
                   2.574                      -11.466663
                   2.577                      -11.854579
                    2.58                      -12.138242
                   2.583                      -12.181615
                   2.586                      -11.883749
                   2.589                      -11.245263
                   2.592                       -10.36618
                   2.595                      -9.3779319
                   2.598                      -8.3862107
                   2.601                      -7.4564877
                   2.604                      -6.6229055
                   2.607                      -5.9005911
                    2.61                      -5.2945651
                   2.613                       -4.805018
                   2.616                      -4.4301764
                   2.619                      -4.1677914
                   2.622                      -4.0158872
                   2.625                      -3.9731142
                   2.628                      -4.0388815
                   2.631                      -4.2133363
                   2.634                      -4.4971863
                   2.637                      -4.8912809
                    2.64                      -5.3957589
                   2.643                      -6.0083846
                   2.646                      -6.7213954
                   2.649                      -7.5158003
                   2.652                       -8.352031
                   2.655                      -9.1578097
                   2.658                      -9.8216239
                   2.661                      -10.212771
                   2.664                      -10.242284
                   2.667                      -9.9236649
                    2.67                       -9.362644
                   2.673                      -8.6891675
                   2.676                      -8.0053813
                   2.679                      -7.3743367
                   2.682                      -6.8293397
                   2.685                       -6.385771
                   2.688                      -6.0495021
                   2.691                       -5.821876
                   2.694                      -5.7024281
                   2.697                      -5.6903213
                     2.7                      -5.7850867
                   2.703                       -5.986998
                   2.706                      -6.2972397
                   2.709                      -6.7179321
                   2.712                      -7.2519952
                   2.715                      -7.9027451
                   2.718                      -8.6729636
                   2.721                      -9.5629067
                   2.724                      -10.566218
                   2.727                      -11.661977
                    2.73                        -12.8008
                   2.733                      -13.886264
                   2.736                      -14.767561
                   2.739                      -15.281859
                   2.742                      -15.356737
                   2.745                      -15.072329
                   2.748                      -14.596632
                   2.751                      -14.084012
                   2.754                      -13.634774
                   2.757                      -13.303475
                    2.76                      -13.117802
                   2.763                      -13.092744
                   2.766                      -13.238961
                   2.769                       -13.56747
                   2.772                       -14.09227
                   2.775                      -14.831428
                   2.778                      -15.805377
                   2.781                       -17.02659
                   2.784                      -18.461262
                   2.787                      -19.913991
                    2.79                      -20.829009
                   2.793                      -20.504468
                   2.796                      -19.054526
                   2.799                      -17.216989
                   2.802                      -15.452791
                   2.805                      -13.901136
                   2.808                      -12.574538
                   2.811                      -11.451643
                   2.814                      -10.506448
                   2.817                      -9.7158899
                    2.82                      -9.0610498
                   2.823                      -8.5266382
                   2.826                      -8.1001029
                   2.829                       -7.770715
                   2.832                      -7.5286821
                   2.835                      -7.3642545
                   2.838                      -7.2667776
                   2.841                      -7.2236735
                   2.844                      -7.2194089
                   2.847                      -7.2346517
                    2.85                      -7.2460345
                   2.853                      -7.2271503
                   2.856                      -7.1513686
                   2.859                      -6.9964468
                   2.862                      -6.7496971
                   2.865                      -6.4114375
                   2.868                      -5.9948551
                   2.871                      -5.5223452
                   2.874                       -5.020274
                   2.877                      -4.5143994
                    2.88                      -4.0271113
                   2.883                      -3.5764549
                   2.886                      -3.1763317
                   2.889                      -2.8372529
                   2.892                      -2.5672337
                   2.895                      -2.3726251
                   2.898                      -2.2588158
                   2.901                      -2.2308071
                   2.904                       -2.293689
                   2.907                      -2.4530569
                    2.91                      -2.7154001
                   2.913                      -3.0884915
                   2.916                      -3.5817822
                   2.919                      -4.2067665
                   2.922                      -4.9771558
                   2.925                      -5.9083737
                   2.928                      -7.0149603
                   2.931                      -8.3019633
                   2.934                      -9.7400683
                   2.937                      -11.203812
                    2.94                      -12.371224
                   2.943                      -12.761768
                   2.946                      -12.192114
                   2.949                      -11.028504
                   2.952                      -9.7210372
                   2.955                      -8.5058908
                   2.958                      -7.4612933
                   2.961                       -6.598834
                   2.964                      -5.9081861
                   2.967                      -5.3738512
                    2.97                      -4.9806667
                   2.973                      -4.7152668
                   2.976                      -4.5661572
                   2.979                      -4.5233446
                   2.982                      -4.5778459
                   2.985                      -4.7211829
                   2.988                      -4.9448942
                   2.991                      -5.2400837
                   2.994                      -5.5970379
                   2.997                      -6.0049725
                       3                      -6.4520048
