                       0                      -53.927315
                   0.003                      -53.934057
                   0.006                      -53.954021
                   0.009                      -53.986416
                   0.012                      -54.029917
                   0.015                      -54.082667
                   0.018                      -54.142279
                   0.021                      -54.205856
                   0.024                      -54.270041
                   0.027                      -54.331096
                    0.03                      -54.385036
                   0.033                      -54.427806
                   0.036                      -54.455514
                   0.039                      -54.464696
                   0.042                      -54.452586
                   0.045                      -54.417359
                   0.048                      -54.358316
                   0.051                      -54.275958
                   0.054                      -54.171962
                   0.057                      -54.049043
                    0.06                      -53.910742
                   0.063                      -53.761174
                   0.066                       -53.60476
                   0.069                      -53.446002
                   0.072                       -53.28929
                   0.075                      -53.138773
                   0.078                      -52.998275
                   0.081                      -52.871259
                   0.084                      -52.760822
                   0.087                      -52.669713
                    0.09                       -52.60037
                   0.093                      -52.554953
                   0.096                       -52.53539
                   0.099                      -52.543408
                   0.102                      -52.580568
                   0.105                      -52.648278
                   0.108                      -52.747808
                   0.111                      -52.880267
                   0.114                      -53.046575
                   0.117                       -53.24739
                    0.12                       -53.48299
                   0.123                      -53.753088
                   0.126                       -54.05656
                   0.129                      -54.391038
                   0.132                      -54.752357
                   0.135                      -55.133798
                   0.138                      -55.525171
                   0.141                      -55.911836
                   0.144                      -56.273979
                   0.147                      -56.586742
                    0.15                      -56.822009
                   0.153                      -56.952478
                   0.156                      -56.957564
                   0.159                      -56.829072
                   0.162                      -56.573761
                   0.165                      -56.211279
                   0.168                      -55.768714
                   0.171                      -55.274579
                   0.174                      -54.754498
                   0.177                       -54.22918
                    0.18                      -53.714148
                   0.183                      -53.220417
                   0.186                      -52.755465
                   0.189                      -52.324187
                   0.192                      -51.929672
                   0.195                      -51.573806
                   0.198                        -51.2577
                   0.201                      -50.982007
                   0.204                      -50.747134
                   0.207                      -50.553401
                    0.21                       -50.40115
                   0.213                      -50.290829
                   0.216                      -50.223061
                   0.219                      -50.198704
                   0.222                      -50.218903
                   0.225                      -50.285161
                   0.228                      -50.399402
                   0.231                      -50.564063
                   0.234                      -50.782207
                   0.237                      -51.057665
                    0.24                      -51.395227
                   0.243                       -51.80091
                   0.246                      -52.282304
                   0.249                      -52.849078
                   0.252                      -53.513665
                   0.255                      -54.292248
                   0.258                      -55.206121
                   0.261                      -56.283473
                   0.264                      -57.561217
                   0.267                      -59.084533
                    0.27                      -60.893167
                   0.273                       -62.94751
                   0.276                      -64.845455
                   0.279                      -65.430013
                   0.282                      -64.069085
                   0.285                      -61.876231
                   0.288                      -59.744707
                   0.291                      -57.892985
                   0.294                      -56.315479
                   0.297                      -54.966991
                     0.3                      -53.804888
                   0.303                      -52.795595
                   0.306                      -51.913678
                   0.309                      -51.139938
                   0.312                      -50.459764
                   0.315                      -49.861925
                   0.318                      -49.337707
                   0.321                      -48.880302
                   0.324                       -48.48438
                   0.327                      -48.145772
                    0.33                      -47.861254
                   0.333                      -47.628387
                   0.336                      -47.445398
                   0.339                       -47.31111
                   0.342                      -47.224885
                   0.345                      -47.186599
                   0.348                      -47.196641
                   0.351                      -47.255923
                   0.354                      -47.365917
                   0.357                      -47.528723
                    0.36                      -47.747156
                   0.363                      -48.024876
                   0.366                       -48.36657
                   0.369                      -48.778196
                   0.372                      -49.267315
                   0.375                      -49.843546
                   0.378                      -50.519172
                   0.381                      -51.309917
                   0.384                      -52.235844
                   0.387                      -53.322003
                    0.39                      -54.597347
                   0.393                      -56.086492
                   0.396                      -57.775497
                   0.399                      -59.496928
                   0.402                      -60.689106
                   0.405                      -60.530838
                   0.408                      -59.076814
                   0.411                      -57.162711
                   0.414                      -55.307225
                   0.417                      -53.655889
                    0.42                      -52.216279
                   0.423                      -50.962482
                   0.426                      -49.865566
                   0.429                      -48.900738
                   0.432                      -48.048154
                   0.435                      -47.292211
                   0.438                      -46.620649
                   0.441                      -46.023782
                   0.444                      -45.493899
                   0.447                      -45.024818
                    0.45                      -44.611551
                   0.453                      -44.250053
                   0.456                      -43.937033
                   0.459                      -43.669808
                   0.462                      -43.446194
                   0.465                      -43.264414
                   0.468                      -43.123023
                   0.471                      -43.020846
                   0.474                      -42.956915
                   0.477                      -42.930418
                    0.48                      -42.940626
                   0.483                      -42.986824
                   0.486                      -43.068217
                   0.489                      -43.183806
                   0.492                      -43.332228
                   0.495                      -43.511539
                   0.498                       -43.71892
                   0.501                      -43.950308
                   0.504                      -44.199911
                   0.507                      -44.459661
                    0.51                      -44.718637
                   0.513                      -44.962642
                   0.516                      -45.174177
                   0.519                      -45.333218
                   0.522                      -45.419126
                   0.525                      -45.413713
                   0.528                      -45.304819
                   0.531                      -45.089137
                   0.534                      -44.773004
                   0.537                      -44.370757
                    0.54                      -43.901468
                   0.543                      -43.385428
                   0.546                      -42.841455
                   0.549                       -42.28543
                   0.552                      -41.729843
                   0.555                         -41.184
                   0.558                      -40.654522
                   0.561                      -40.145919
                   0.564                      -39.661107
                   0.567                      -39.201843
                    0.57                      -38.769059
                   0.573                       -38.36311
                   0.576                      -37.983957
                   0.579                      -37.631298
                   0.582                      -37.304653
                   0.585                      -37.003434
                   0.588                      -36.726984
                   0.591                      -36.474602
                   0.594                      -36.245562
                   0.597                      -36.039124
                     0.6                      -35.854533
                   0.603                      -35.691021
                   0.606                      -35.547799
                   0.609                      -35.424055
                   0.612                      -35.318938
                   0.615                      -35.231554
                   0.618                      -35.160944
                   0.621                      -35.106078
                   0.624                      -35.065834
                   0.627                      -35.038986
                    0.63                      -35.024186
                   0.633                      -35.019949
                   0.636                      -35.024646
                   0.639                      -35.036492
                   0.642                      -35.053545
                   0.645                      -35.073719
                   0.648                      -35.094795
                   0.651                      -35.114457
                   0.654                      -35.130337
                   0.657                      -35.140076
                    0.66                      -35.141402
                   0.663                      -35.132215
                   0.666                      -35.110678
                   0.669                      -35.075305
                   0.672                      -35.025041
                   0.675                      -34.959321
                   0.678                      -34.878095
                   0.681                      -34.781835
                   0.684                      -34.671497
                   0.687                      -34.548468
                    0.69                      -34.414488
                   0.693                      -34.271558
                   0.696                      -34.121847
                   0.699                      -33.967607
                   0.702                      -33.811096
                   0.705                      -33.654514
                   0.708                      -33.499953
                   0.711                      -33.349368
                   0.714                      -33.204557
                   0.717                      -33.067146
                    0.72                      -32.938593
                   0.723                      -32.820194
                   0.726                      -32.713088
                   0.729                      -32.618271
                   0.732                      -32.536608
                   0.735                      -32.468843
                   0.738                      -32.415614
                   0.741                       -32.37746
                   0.744                      -32.354828
                   0.747                      -32.348081
                    0.75                        -32.3575
                   0.753                      -32.383283
                   0.756                      -32.425544
                   0.759                      -32.484305
                   0.762                      -32.559486
                   0.765                      -32.650891
                   0.768                      -32.758187
                   0.771                      -32.880881
                   0.774                      -33.018286
                   0.777                      -33.169486
                    0.78                      -33.333293
                   0.783                      -33.508195
                   0.786                      -33.692307
                   0.789                      -33.883318
                   0.792                      -34.078443
                   0.795                       -34.27439
                   0.798                      -34.467356
                   0.801                      -34.653058
                   0.804                       -34.82682
                   0.807                      -34.983734
                    0.81                      -35.118889
                   0.813                       -35.22767
                   0.816                      -35.306105
                   0.819                      -35.351203
                   0.822                      -35.361246
                   0.825                      -35.335965
                   0.828                      -35.276576
                   0.831                      -35.185659
                   0.834                      -35.066916
                   0.837                      -34.924842
                    0.84                      -34.764378
                   0.843                      -34.590587
                   0.846                      -34.408394
                   0.849                      -34.222392
                   0.852                      -34.036729
                   0.855                      -33.855051
                   0.858                      -33.680495
                   0.861                      -33.515707
                   0.864                       -33.36289
                   0.867                      -33.223847
                    0.87                      -33.100039
                   0.873                      -32.992629
                   0.876                      -32.902529
                   0.879                      -32.830435
                   0.882                      -32.776856
                   0.885                      -32.742137
                   0.888                      -32.726473
                   0.891                      -32.729917
                   0.894                       -32.75238
                   0.897                      -32.793624
                     0.9                      -32.853245
                   0.903                      -32.930654
                   0.906                      -33.025042
                   0.909                      -33.135348
                   0.912                      -33.260203
                   0.915                      -33.397882
                   0.918                      -33.546243
                   0.921                       -33.70267
                   0.924                      -33.864015
                   0.927                      -34.026565
                    0.93                      -34.186038
                   0.933                      -34.337622
                   0.936                      -34.476093
                   0.939                         -34.596
                   0.942                      -34.691956
                   0.945                      -34.758986
                   0.948                      -34.792938
                   0.951                      -34.790856
                   0.954                      -34.751285
                   0.957                      -34.674426
                    0.96                      -34.562111
                   0.963                      -34.417605
                   0.966                      -34.245282
                   0.969                      -34.050226
                   0.972                      -33.837841
                   0.975                      -33.613509
                   0.978                      -33.382332
                   0.981                      -33.148959
                   0.984                      -32.917495
                   0.987                      -32.691472
                    0.99                      -32.473864
                   0.993                      -32.267132
                   0.996                      -32.073275
                   0.999                      -31.893895
                   1.002                      -31.730255
                   1.005                      -31.583332
                   1.008                      -31.453865
                   1.011                      -31.342395
                   1.014                      -31.249293
                   1.017                       -31.17479
                    1.02                       -31.11899
                   1.023                      -31.081886
                   1.026                       -31.06336
                   1.029                       -31.06319
                   1.032                      -31.081041
                   1.035                      -31.116455
                   1.038                      -31.168839
                   1.041                      -31.237442
                   1.044                      -31.321333
                   1.047                      -31.419368
                    1.05                      -31.530162
                   1.053                      -31.652051
                   1.056                      -31.783055
                   1.059                      -31.920855
                   1.062                      -32.062761
                   1.065                      -32.205714
                   1.068                      -32.346299
                   1.071                        -32.4808
                   1.074                      -32.605292
                   1.077                      -32.715781
                    1.08                      -32.808389
                   1.083                      -32.879579
                   1.086                      -32.926394
                   1.089                      -32.946678
                   1.092                      -32.939263
                   1.095                      -32.904067
                   1.098                      -32.842102
                   1.101                      -32.755393
                   1.104                      -32.646804
                   1.107                      -32.519818
                    1.11                      -32.378304
                   1.113                      -32.226281
                   1.116                       -32.06773
                   1.119                      -31.906442
                   1.122                      -31.745918
                   1.125                      -31.589306
                   1.128                      -31.439381
                   1.131                      -31.298542
                   1.134                      -31.168832
                   1.137                      -31.051965
                    1.14                      -30.949361
                   1.143                      -30.862171
                   1.146                      -30.791314
                   1.149                      -30.737497
                   1.152                      -30.701235
                   1.155                      -30.682867
                   1.158                      -30.682559
                   1.161                      -30.700305
                   1.164                      -30.735918
                   1.167                      -30.789013
                    1.17                      -30.858983
                   1.173                      -30.944968
                   1.176                      -31.045806
                   1.179                      -31.159989
                   1.182                      -31.285602
                   1.185                      -31.420265
                   1.188                      -31.561069
                   1.191                      -31.704537
                   1.194                      -31.846594
                   1.197                      -31.982588
                     1.2                       -32.10737
                   1.203                       -32.21545
                   1.206                      -32.301247
                   1.209                      -32.359424
                   1.212                       -32.38529
                   1.215                      -32.375211
                   1.218                      -32.326968
                   1.221                      -32.239995
                   1.224                      -32.115427
                   1.227                       -31.95598
                    1.23                      -31.765657
                   1.233                      -31.549356
                   1.236                      -31.312464
                   1.239                      -31.060467
                   1.242                      -30.798655
                   1.245                      -30.531902
                   1.248                      -30.264548
                   1.251                      -30.000339
                   1.254                      -29.742435
                   1.257                      -29.493439
                    1.26                      -29.255454
                   1.263                      -29.030144
                   1.266                      -28.818795
                   1.269                      -28.622372
                   1.272                      -28.441572
                   1.275                      -28.276862
                   1.278                      -28.128517
                   1.281                      -27.996645
                   1.284                      -27.881211
                   1.287                      -27.782046
                    1.29                      -27.698858
                   1.293                      -27.631233
                   1.296                      -27.578638
                   1.299                       -27.54041
                   1.302                      -27.515753
                   1.305                      -27.503721
                   1.308                      -27.503206
                   1.311                      -27.512923
                   1.314                      -27.531395
                   1.317                      -27.556937
                    1.32                      -27.587648
                   1.323                      -27.621408
                   1.326                      -27.655881
                   1.329                      -27.688543
                   1.332                      -27.716709
                   1.335                      -27.737601
                   1.338                      -27.748418
                   1.341                      -27.746441
                   1.344                      -27.729142
                   1.347                      -27.694311
                    1.35                       -27.64017
                   1.353                      -27.565476
                   1.356                      -27.469598
                   1.359                      -27.352545
                   1.362                      -27.214957
                   1.365                      -27.058057
                   1.368                      -26.883559
                   1.371                      -26.693557
                   1.374                      -26.490405
                   1.377                      -26.276597
                    1.38                      -26.054656
                   1.383                      -25.827046
                   1.386                      -25.596102
                   1.389                      -25.363984
                   1.392                      -25.132644
                   1.395                      -24.903814
                   1.398                       -24.67901
                   1.401                      -24.459531
                   1.404                       -24.24648
                   1.407                       -24.04078
                    1.41                      -23.843191
                   1.413                      -23.654329
                   1.416                      -23.474688
                   1.419                      -23.304654
                   1.422                      -23.144522
                   1.425                      -22.994513
                   1.428                      -22.854783
                   1.431                       -22.72544
                   1.434                      -22.606546
                   1.437                      -22.498136
                    1.44                       -22.40022
                   1.443                      -22.312789
                   1.446                      -22.235828
                   1.449                      -22.169314
                   1.452                      -22.113228
                   1.455                      -22.067556
                   1.458                      -22.032296
                   1.461                      -22.007459
                   1.464                       -21.99308
                   1.467                      -21.989213
                    1.47                      -21.995944
                   1.473                       -22.01339
                   1.476                      -22.041705
                   1.479                      -22.081083
                   1.482                      -22.131765
                   1.485                      -22.194044
                   1.488                      -22.268266
                   1.491                      -22.354841
                   1.494                      -22.454245
                   1.497                       -22.56703
                     1.5                       -22.69383
                   1.503                       -22.83537
                   1.506                      -22.992477
                   1.509                      -23.166089
                   1.512                      -23.357273
                   1.515                      -23.567234
                   1.518                      -23.797343
                   1.521                       -24.04915
                   1.524                      -24.324414
                   1.527                      -24.625137
                    1.53                      -24.953594
                   1.533                      -25.312379
                   1.536                       -25.70445
                   1.539                      -26.133185
                   1.542                      -26.602427
                   1.545                      -27.116531
                   1.548                      -27.680368
                   1.551                      -28.299254
                   1.554                      -28.978704
                   1.557                      -29.723805
                    1.56                      -30.537825
                   1.563                      -31.419243
                   1.566                      -32.355763
                   1.569                      -33.313138
                   1.572                      -34.217592
                   1.575                      -34.939327
                   1.578                      -35.307298
                   1.581                      -35.191707
                   1.584                       -34.60422
                   1.587                      -33.687931
                    1.59                      -32.611613
                   1.593                      -31.497007
                   1.596                      -30.411282
                   1.599                      -29.384874
                   1.602                      -28.428258
                   1.605                       -27.54225
                   1.608                       -26.72344
                   1.611                      -25.966862
                   1.614                      -25.267245
                   1.617                      -24.619561
                    1.62                      -24.019239
                   1.623                      -23.462222
                   1.626                      -22.944948
                   1.629                      -22.464307
                   1.632                      -22.017588
                   1.635                      -21.602427
                   1.638                       -21.21676
                   1.641                      -20.858777
                   1.644                       -20.52689
                   1.647                      -20.219696
                    1.65                      -19.935957
                   1.653                      -19.674573
                   1.656                      -19.434564
                   1.659                       -19.21505
                   1.662                      -19.015242
                   1.665                      -18.834428
                   1.668                       -18.67196
                   1.671                      -18.527246
                   1.674                      -18.399741
                   1.677                      -18.288941
                    1.68                      -18.194372
                   1.683                       -18.11559
                   1.686                      -18.052167
                   1.689                      -18.003692
                   1.692                      -17.969761
                   1.695                      -17.949973
                   1.698                      -17.943926
                   1.701                      -17.951208
                   1.704                      -17.971393
                   1.707                      -18.004036
                    1.71                      -18.048666
                   1.713                      -18.104782
                   1.716                      -18.171845
                   1.719                      -18.249273
                   1.722                      -18.336437
                   1.725                      -18.432655
                   1.728                      -18.537187
                   1.731                      -18.649234
                   1.734                      -18.767937
                   1.737                      -18.892375
                    1.74                      -19.021568
                   1.743                      -19.154488
                   1.746                      -19.290063
                   1.749                      -19.427193
                   1.752                      -19.564765
                   1.755                       -19.70168
                   1.758                      -19.836871
                   1.761                      -19.969337
                   1.764                      -20.098169
                   1.767                      -20.222585
                    1.77                      -20.341953
                   1.773                      -20.455824
                   1.776                      -20.563945
                   1.779                       -20.66628
                   1.782                      -20.763012
                   1.785                      -20.854543
                   1.788                       -20.94148
                   1.791                       -21.02462
                   1.794                      -21.104928
                   1.797                      -21.183502
                     1.8                      -21.261549
                   1.803                      -21.340351
                   1.806                      -21.421235
                   1.809                      -21.505542
                   1.812                       -21.59461
                   1.815                      -21.689742
                   1.818                      -21.792198
                   1.821                      -21.903172
                   1.824                       -22.02379
                   1.827                      -22.155091
                    1.83                      -22.298028
                   1.833                      -22.453459
                   1.836                       -22.62214
                   1.839                      -22.804725
                   1.842                      -23.001756
                   1.845                      -23.213661
                   1.848                      -23.440745
                   1.851                      -23.683187
                   1.854                      -23.941027
                   1.857                      -24.214167
                    1.86                      -24.502363
                   1.863                      -24.805229
                   1.866                      -25.122239
                   1.869                      -25.452748
                   1.872                      -25.796025
                   1.875                        -26.1513
                   1.878                      -26.517843
                   1.881                       -26.89507
                   1.884                      -27.282683
                   1.887                      -27.680851
                    1.89                      -28.090427
                   1.893                      -28.513211
                   1.896                      -28.952253
                   1.899                      -29.412202
                   1.902                      -29.899731
                   1.905                       -30.42406
                   1.908                       -30.99768
                   1.911                      -31.637404
                   1.914                      -32.366046
                   1.917                      -33.215256
                    1.92                      -34.230631
                   1.923                      -35.481619
                   1.926                      -37.082639
                   1.929                      -39.244623
                   1.932                      -42.428727
                   1.935                      -47.965752
                   1.938                      -55.989938
                   1.941                      -45.957566
                   1.944                      -40.238881
                   1.947                      -36.534233
                    1.95                      -33.755448
                   1.953                       -31.50656
                   1.956                      -29.602051
                   1.959                      -27.940552
                   1.962                      -26.460737
                   1.965                      -25.122724
                   1.968                      -23.899129
                   1.971                      -22.770335
                   1.974                      -21.721802
                   1.977                      -20.742446
                    1.98                      -19.823615
                   1.983                      -18.958422
                   1.986                      -18.141284
                   1.989                      -17.367612
                   1.992                      -16.633579
                   1.995                      -15.935961
                   1.998                       -15.27201
                   2.001                      -14.639364
                   2.004                      -14.035975
                   2.007                      -13.460058
                    2.01                      -12.910042
                   2.013                      -12.384538
                   2.016                      -11.882315
                   2.019                      -11.402271
                   2.022                      -10.943419
                   2.025                      -10.504872
                   2.028                      -10.085829
                   2.031                      -9.6855632
                   2.034                      -9.3034166
                   2.037                      -8.9387899
                    2.04                      -8.5911368
                   2.043                      -8.2599583
                   2.046                      -7.9447986
                   2.049                      -7.6452401
                   2.052                      -7.3609006
                   2.055                      -7.0914295
                   2.058                      -6.8365059
                   2.061                      -6.5958351
                   2.064                      -6.3691477
                   2.067                      -6.1561967
                    2.07                      -5.9567562
                   2.073                        -5.77062
                   2.076                      -5.5976001
                   2.079                      -5.4375255
                   2.082                      -5.2902411
                   2.085                      -5.1556063
                   2.088                      -5.0334947
                   2.091                      -4.9237927
                   2.094                      -4.8263988
                   2.097                      -4.7412225
                     2.1                       -4.668184
                   2.103                      -4.6072128
                   2.106                      -4.5582472
                   2.109                      -4.5212332
                   2.112                      -4.4961238
                   2.115                      -4.4828776
                   2.118                      -4.4814578
                   2.121                       -4.491831
                   2.124                      -4.5139656
                   2.127                      -4.5478302
                    2.13                      -4.5933913
                   2.133                      -4.6506117
                   2.136                      -4.7194469
                   2.139                      -4.7998428
                   2.142                      -4.8917316
                   2.145                      -4.9950273
                   2.148                      -5.1096209
                   2.151                      -5.2353744
                   2.154                      -5.3721134
                   2.157                      -5.5196193
                    2.16                      -5.6776195
                   2.163                      -5.8457763
                   2.166                      -6.0236746
                   2.169                      -6.2108072
                   2.172                       -6.406559
                   2.175                      -6.6101891
                   2.178                      -6.8208121
                   2.181                      -7.0373784
                   2.184                      -7.2586543
                   2.187                      -7.4832041
                    2.19                      -7.7093756
                   2.193                      -7.9352906
                   2.196                      -8.1588452
                   2.199                      -8.3777227
                   2.202                      -8.5894215
                   2.205                      -8.7913044
                   2.208                      -8.9806683
                   2.211                       -9.154837
                   2.214                      -9.3112719
                   2.217                      -9.4476963
                    2.22                      -9.5622214
                   2.223                      -9.6534612
                   2.226                      -9.7206229
                   2.229                      -9.7635613
                   2.232                      -9.7827877
                   2.235                      -9.7794346
                   2.238                      -9.7551786
                   2.241                      -9.7121343
                   2.244                      -9.6527304
                   2.247                      -9.5795838
                    2.25                      -9.4953807
                   2.253                      -9.4027763
                   2.256                      -9.3043137
                   2.259                      -9.2023667
                   2.262                       -9.099102
                   2.265                      -8.9964602
                   2.268                        -8.89615
                   2.271                      -8.7996534
                   2.274                      -8.7082379
                   2.277                      -8.6229719
                    2.28                      -8.5447443
                   2.283                      -8.4742824
                   2.286                      -8.4121709
                   2.289                       -8.358869
                   2.292                      -8.3147258
                   2.295                      -8.2799946
                   2.298                      -8.2548444
                   2.301                      -8.2393707
                   2.304                      -8.2336032
                   2.307                      -8.2375137
                    2.31                      -8.2510212
                   2.313                      -8.2739962
                   2.316                       -8.306264
                   2.319                      -8.3476069
                   2.322                      -8.3977658
                   2.325                      -8.4564403
                   2.328                      -8.5232889
                   2.331                      -8.5979285
                   2.334                      -8.6799331
                   2.337                      -8.7688326
                    2.34                      -8.8641114
                   2.343                      -8.9652064
                   2.346                      -9.0715059
                   2.349                      -9.1823479
                   2.352                      -9.2970198
                   2.355                      -9.4147582
                   2.358                      -9.5347496
                   2.361                      -9.6561324
                   2.364                      -9.7780008
                   2.367                      -9.8994099
                    2.37                      -10.019383
                   2.373                       -10.13692
                   2.376                       -10.25101
                   2.379                      -10.360646
                   2.382                      -10.464837
                   2.385                      -10.562628
                   2.388                       -10.65312
                   2.391                      -10.735484
                   2.394                      -10.808984
                   2.397                      -10.872992
                     2.4                      -10.927003
                   2.403                      -10.970648
                   2.406                      -11.003703
                   2.409                      -11.026088
                   2.412                      -11.037875
                   2.415                      -11.039273
                   2.418                      -11.030629
                   2.421                      -11.012407
                   2.424                       -10.98518
                   2.427                      -10.949607
                    2.43                      -10.906422
                   2.433                      -10.856411
                   2.436                      -10.800401
                   2.439                      -10.739238
                   2.442                      -10.673781
                   2.445                      -10.604882
                   2.448                      -10.533386
                   2.451                      -10.460114
                   2.454                      -10.385865
                   2.457                      -10.311407
                    2.46                      -10.237476
                   2.463                      -10.164776
                   2.466                      -10.093977
                   2.469                      -10.025716
                   2.472                      -9.9605957
                   2.475                      -9.8991905
                   2.478                      -9.8420438
                   2.481                      -9.7896713
                   2.484                      -9.7425625
                   2.487                      -9.7011821
                    2.49                      -9.6659716
                   2.493                      -9.6373503
                   2.496                      -9.6157168
                   2.499                      -9.6014493
                   2.502                      -9.5949062
                   2.505                      -9.5964261
                   2.508                      -9.6063279
                   2.511                      -9.6249093
                   2.514                      -9.6524463
                   2.517                      -9.6891904
                    2.52                      -9.7353668
                   2.523                      -9.7911703
                   2.526                      -9.8567613
                   2.529                      -9.9322596
                   2.532                      -10.017738
                   2.535                      -10.113214
                   2.538                      -10.218637
                   2.541                       -10.33388
                   2.544                      -10.458721
                   2.547                      -10.592827
                    2.55                      -10.735733
                   2.553                      -10.886821
                   2.556                      -11.045288
                   2.559                      -11.210126
                   2.562                      -11.380084
                   2.565                      -11.553641
                   2.568                      -11.728982
                   2.571                      -11.903972
                   2.574                      -12.076148
                   2.577                      -12.242727
                    2.58                      -12.400637
                   2.583                      -12.546578
                   2.586                      -12.677119
                   2.589                      -12.788833
                   2.592                      -12.878469
                   2.595                      -12.943142
                   2.598                      -12.980526
                   2.601                      -12.989035
                   2.604                      -12.967949
                   2.607                      -12.917483
                    2.61                      -12.838771
                   2.613                      -12.733783
                   2.616                      -12.605175
                   2.619                      -12.456107
                   2.622                      -12.290046
                   2.625                       -12.11058
                   2.628                       -11.92126
                   2.631                      -11.725475
                   2.634                      -11.526371
                   2.637                      -11.326795
                    2.64                      -11.129279
                   2.643                      -10.936035
                   2.646                      -10.748969
                   2.649                      -10.569711
                   2.652                      -10.399639
                   2.655                      -10.239913
                   2.658                      -10.091504
                   2.661                       -9.955225
                   2.664                      -9.8317545
                   2.667                      -9.7216638
                    2.67                      -9.6254354
                   2.673                      -9.5434825
                   2.676                      -9.4761641
                   2.679                      -9.4237992
                   2.682                      -9.3866781
                   2.685                      -9.3650733
                   2.688                      -9.3592479
                   2.691                      -9.3694642
                   2.694                      -9.3959902
                   2.697                      -9.4391068
                     2.7                      -9.4991141
                   2.703                      -9.5763369
                   2.706                      -9.6711315
                   2.709                      -9.7838912
                   2.712                      -9.9150537
                   2.715                      -10.065108
                   2.718                        -10.2346
                   2.721                      -10.424148
                   2.724                      -10.634443
                   2.727                      -10.866271
                    2.73                      -11.120517
                   2.733                      -11.398191
                   2.736                      -11.700438
                   2.739                      -12.028572
                   2.742                      -12.384095
                   2.745                       -12.76874
                   2.748                       -13.18451
                   2.751                      -13.633736
                   2.754                      -14.119143
                   2.757                      -14.643935
                    2.76                      -15.211911
                   2.763                      -15.827599
                   2.766                      -16.496436
                   2.769                      -17.225005
                   2.772                      -18.021314
                   2.775                      -18.895156
                   2.778                      -19.858491
                   2.781                       -20.92576
                   2.784                      -22.113744
                   2.787                      -23.439878
                    2.79                      -24.915749
                   2.793                       -26.52674
                   2.796                      -28.176343
                   2.799                      -29.575063
                   2.802                      -30.205687
                   2.805                      -29.752262
                   2.808                       -28.53823
                   2.811                      -27.078808
                   2.814                      -25.659494
                   2.817                      -24.374593
                    2.82                      -23.237726
                   2.823                       -22.23678
                   2.826                      -21.353948
                   2.829                      -20.572114
                   2.832                        -19.8765
                   2.835                      -19.254796
                   2.838                      -18.696846
                   2.841                      -18.194259
                   2.844                       -17.74006
                   2.847                      -17.328406
                    2.85                      -16.954353
                   2.853                      -16.613685
                   2.856                      -16.302774
                   2.859                      -16.018477
                   2.862                       -15.75805
                   2.865                      -15.519087
                   2.868                       -15.29947
                   2.871                      -15.097333
                   2.874                      -14.911027
                   2.877                      -14.739104
                    2.88                      -14.580291
                   2.883                      -14.433483
                   2.886                      -14.297726
                   2.889                      -14.172213
                   2.892                       -14.05627
                   2.895                      -13.949354
                   2.898                      -13.851044
                   2.901                      -13.761036
                   2.904                      -13.679136
                   2.907                      -13.605253
                    2.91                      -13.539396
                   2.913                      -13.481662
                   2.916                      -13.432237
                   2.919                      -13.391382
                   2.922                      -13.359432
                   2.925                      -13.336791
                   2.928                      -13.323922
                   2.931                      -13.321349
                   2.934                      -13.329649
                   2.937                      -13.349453
                    2.94                      -13.381439
                   2.943                      -13.426342
                   2.946                      -13.484944
                   2.949                      -13.558087
                   2.952                      -13.646672
                   2.955                      -13.751665
                   2.958                       -13.87411
                   2.961                       -14.01514
                   2.964                      -14.175985
                   2.967                         -14.358
                    2.97                      -14.562678
                   2.973                      -14.791684
                   2.976                      -15.046887
                   2.979                      -15.330403
                   2.982                      -15.644652
                   2.985                      -15.992426
                   2.988                      -16.376981
                   2.991                      -16.802153
                   2.994                      -17.272519
                   2.997                      -17.793604
                       3                      -18.372177
