                       0                      -74.564218
                   0.003                      -74.592533
                   0.006                      -74.677973
                   0.009                      -74.822058
                   0.012                      -75.027429
                   0.015                      -75.298024
                   0.018                      -75.639364
                   0.021                      -76.058986
                   0.024                      -76.567107
                   0.027                      -77.177666
                    0.03                       -77.90998
                   0.033                      -78.791526
                   0.036                      -79.862873
                   0.039                      -81.187081
                   0.042                      -82.869528
                   0.045                      -85.105938
                   0.048                      -88.326036
                   0.051                      -93.811617
                   0.054                      -106.86989
                   0.057                      -94.187958
                    0.06                      -87.980844
                   0.063                      -84.267665
                   0.066                      -81.598298
                   0.069                      -79.505376
                   0.072                      -77.779779
                   0.075                      -76.309841
                   0.078                      -75.028877
                   0.081                      -73.893855
                   0.084                      -72.875371
                   0.087                      -71.952427
                    0.09                      -71.109502
                   0.093                      -70.334786
                   0.096                      -69.619082
                   0.099                      -68.955084
                   0.102                      -68.336887
                   0.105                      -67.759648
                   0.108                      -67.219341
                   0.111                      -66.712586
                   0.114                       -66.23651
                   0.117                      -65.788651
                    0.12                      -65.366882
                   0.123                      -64.969348
                   0.126                      -64.594423
                   0.129                       -64.24067
                   0.132                      -63.906807
                   0.135                      -63.591691
                   0.138                      -63.294288
                   0.141                      -63.013661
                   0.144                      -62.748955
                   0.147                      -62.499381
                    0.15                      -62.264211
                   0.153                      -62.042765
                   0.156                      -61.834402
                   0.159                      -61.638515
                   0.162                      -61.454523
                   0.165                      -61.281865
                   0.168                      -61.119995
                   0.171                      -60.968375
                   0.174                      -60.826472
                   0.177                      -60.693753
                    0.18                      -60.569677
                   0.183                      -60.453698
                   0.186                      -60.345253
                   0.189                      -60.243763
                   0.192                      -60.148628
                   0.195                      -60.059226
                   0.198                      -59.974905
                   0.201                      -59.894988
                   0.204                      -59.818767
                   0.207                      -59.745505
                    0.21                      -59.674436
                   0.213                      -59.604765
                   0.216                      -59.535676
                   0.219                      -59.466333
                   0.222                      -59.395888
                   0.225                      -59.323491
                   0.228                      -59.248297
                   0.231                      -59.169479
                   0.234                      -59.086244
                   0.237                      -58.997841
                    0.24                       -58.90358
                   0.243                      -58.802845
                   0.246                      -58.695106
                   0.249                      -58.579934
                   0.252                      -58.457005
                   0.255                      -58.326113
                   0.258                      -58.187172
                   0.261                      -58.040214
                   0.264                      -57.885389
                   0.267                      -57.722956
                    0.27                      -57.553274
                   0.273                      -57.376793
                   0.276                      -57.194038
                   0.279                      -57.005595
                   0.282                      -56.812097
                   0.285                      -56.614206
                   0.288                      -56.412604
                   0.291                      -56.207977
                   0.294                      -56.001005
                   0.297                      -55.792351
                     0.3                      -55.582653
                   0.303                      -55.372521
                   0.306                      -55.162527
                   0.309                      -54.953204
                   0.312                      -54.745044
                   0.315                      -54.538498
                   0.318                      -54.333972
                   0.321                       -54.13183
                   0.324                      -53.932396
                   0.327                       -53.73595
                    0.33                      -53.542737
                   0.333                      -53.352961
                   0.336                      -53.166794
                   0.339                       -52.98437
                   0.342                      -52.805792
                   0.345                      -52.631134
                   0.348                      -52.460439
                   0.351                      -52.293719
                   0.354                      -52.130964
                   0.357                      -51.972134
                    0.36                      -51.817163
                   0.363                      -51.665964
                   0.366                      -51.518423
                   0.369                      -51.374401
                   0.372                      -51.233738
                   0.375                      -51.096249
                   0.378                      -50.961728
                   0.381                      -50.829944
                   0.384                      -50.700644
                   0.387                      -50.573554
                    0.39                      -50.448377
                   0.393                      -50.324796
                   0.396                      -50.202474
                   0.399                      -50.081053
                   0.402                       -49.96016
                   0.405                      -49.839406
                   0.408                      -49.718386
                   0.411                      -49.596686
                   0.414                      -49.473886
                   0.417                      -49.349558
                    0.42                      -49.223277
                   0.423                       -49.09462
                   0.426                      -48.963175
                   0.429                      -48.828543
                   0.432                      -48.690345
                   0.435                      -48.548226
                   0.438                      -48.401862
                   0.441                      -48.250964
                   0.444                       -48.09528
                   0.447                      -47.934606
                    0.45                      -47.768783
                   0.453                        -47.5977
                   0.456                        -47.4213
                   0.459                      -47.239576
                   0.462                      -47.052573
                   0.465                      -46.860386
                   0.468                      -46.663157
                   0.471                      -46.461073
                   0.474                      -46.254362
                   0.477                      -46.043286
                    0.48                       -45.82814
                   0.483                      -45.609245
                   0.486                      -45.386942
                   0.489                      -45.161586
                   0.492                      -44.933545
                   0.495                      -44.703193
                   0.498                      -44.470902
                   0.501                      -44.237046
                   0.504                      -44.001991
                   0.507                      -43.766093
                    0.51                      -43.529699
                   0.513                      -43.293142
                   0.516                      -43.056741
                   0.519                      -42.820796
                   0.522                      -42.585595
                   0.525                      -42.351405
                   0.528                      -42.118478
                   0.531                      -41.887048
                   0.534                      -41.657332
                   0.537                       -41.42953
                    0.54                      -41.203828
                   0.543                      -40.980394
                   0.546                      -40.759383
                   0.549                      -40.540937
                   0.552                      -40.325183
                   0.555                      -40.112236
                   0.558                      -39.902201
                   0.561                      -39.695172
                   0.564                      -39.491232
                   0.567                      -39.290454
                    0.57                      -39.092907
                   0.573                      -38.898647
                   0.576                      -38.707725
                   0.579                      -38.520186
                   0.582                      -38.336069
                   0.585                      -38.155407
                   0.588                      -37.978228
                   0.591                      -37.804554
                   0.594                      -37.634407
                   0.597                        -37.4678
                     0.6                      -37.304748
                   0.603                      -37.145259
                   0.606                      -36.989339
                   0.609                      -36.836994
                   0.612                      -36.688224
                   0.615                       -36.54303
                   0.618                       -36.40141
                   0.621                       -36.26336
                   0.624                      -36.128876
                   0.627                      -35.997952
                    0.63                       -35.87058
                   0.633                      -35.746752
                   0.636                      -35.626459
                   0.639                      -35.509691
                   0.642                      -35.396437
                   0.645                      -35.286686
                   0.648                      -35.180426
                   0.651                      -35.077644
                   0.654                      -34.978328
                   0.657                      -34.882463
                    0.66                      -34.790037
                   0.663                      -34.701034
                   0.666                      -34.615441
                   0.669                      -34.533241
                   0.672                      -34.454419
                   0.675                      -34.378961
                   0.678                      -34.306848
                   0.681                      -34.238064
                   0.684                      -34.172593
                   0.687                      -34.110416
                    0.69                      -34.051515
                   0.693                      -33.995871
                   0.696                      -33.943464
                   0.699                      -33.894274
                   0.702                       -33.84828
                   0.705                       -33.80546
                   0.708                      -33.765791
                   0.711                      -33.729249
                   0.714                      -33.695808
                   0.717                      -33.665443
                    0.72                      -33.638125
                   0.723                      -33.613826
                   0.726                      -33.592514
                   0.729                      -33.574157
                   0.732                       -33.55872
                   0.735                      -33.546167
                   0.738                      -33.536458
                   0.741                      -33.529552
                   0.744                      -33.525405
                   0.747                       -33.52397
                    0.75                      -33.525198
                   0.753                      -33.529035
                   0.756                      -33.535424
                   0.759                      -33.544305
                   0.762                      -33.555614
                   0.765                      -33.569281
                   0.768                      -33.585234
                   0.771                      -33.603395
                   0.774                       -33.62368
                   0.777                      -33.646002
                    0.78                      -33.670266
                   0.783                      -33.696373
                   0.786                      -33.724216
                   0.789                      -33.753685
                   0.792                      -33.784659
                   0.795                      -33.817014
                   0.798                      -33.850618
                   0.801                      -33.885331
                   0.804                      -33.921007
                   0.807                      -33.957492
                    0.81                      -33.994627
                   0.813                      -34.032244
                   0.816                      -34.070169
                   0.819                      -34.108222
                   0.822                      -34.146216
                   0.825                       -34.18396
                   0.828                      -34.221256
                   0.831                      -34.257903
                   0.834                      -34.293697
                   0.837                      -34.328432
                    0.84                      -34.361899
                   0.843                      -34.393891
                   0.846                        -34.4242
                   0.849                      -34.452623
                   0.852                       -34.47896
                   0.855                      -34.503018
                   0.858                      -34.524612
                   0.861                      -34.543564
                   0.864                       -34.55971
                   0.867                      -34.572896
                    0.87                      -34.582984
                   0.873                      -34.589853
                   0.876                      -34.593396
                   0.879                      -34.593528
                   0.882                      -34.590179
                   0.885                      -34.583304
                   0.888                      -34.572875
                   0.891                      -34.558887
                   0.894                      -34.541355
                   0.897                      -34.520314
                     0.9                      -34.495822
                   0.903                      -34.467954
                   0.906                      -34.436803
                   0.909                      -34.402481
                   0.912                      -34.365115
                   0.915                      -34.324846
                   0.918                       -34.28183
                   0.921                      -34.236231
                   0.924                      -34.188224
                   0.927                      -34.137992
                    0.93                      -34.085723
                   0.933                      -34.031609
                   0.936                      -33.975846
                   0.939                      -33.918631
                   0.942                      -33.860159
                   0.945                      -33.800626
                   0.948                      -33.740223
                   0.951                       -33.67914
                   0.954                       -33.61756
                   0.957                      -33.555662
                    0.96                      -33.493618
                   0.963                      -33.431594
                   0.966                      -33.369749
                   0.969                      -33.308235
                   0.972                      -33.247196
                   0.975                      -33.186767
                   0.978                      -33.127077
                   0.981                      -33.068246
                   0.984                      -33.010387
                   0.987                      -32.953604
                    0.99                      -32.897994
                   0.993                      -32.843645
                   0.996                       -32.79064
                   0.999                      -32.739051
                   1.002                      -32.688946
                   1.005                      -32.640385
                   1.008                      -32.593421
                   1.011                      -32.548099
                   1.014                       -32.50446
                   1.017                      -32.462536
                    1.02                      -32.422355
                   1.023                      -32.383938
                   1.026                        -32.3473
                   1.029                       -32.31245
                   1.032                      -32.279392
                   1.035                      -32.248125
                   1.038                      -32.218639
                   1.041                      -32.190923
                   1.044                      -32.164958
                   1.047                       -32.14072
                    1.05                      -32.118181
                   1.053                      -32.097305
                   1.056                      -32.078052
                   1.059                      -32.060379
                   1.062                      -32.044233
                   1.065                      -32.029558
                   1.068                      -32.016294
                   1.071                      -32.004373
                   1.074                      -31.993722
                   1.077                      -31.984263
                    1.08                      -31.975911
                   1.083                      -31.968577
                   1.086                      -31.962166
                   1.089                      -31.956575
                   1.092                      -31.951698
                   1.095                      -31.947422
                   1.098                      -31.943628
                   1.101                      -31.940192
                   1.104                      -31.936984
                   1.107                      -31.933868
                    1.11                      -31.930705
                   1.113                      -31.927348
                   1.116                      -31.923648
                   1.119                      -31.919449
                   1.122                      -31.914595
                   1.125                      -31.908922
                   1.128                      -31.902267
                   1.131                      -31.894463
                   1.134                      -31.885341
                   1.137                      -31.874733
                    1.14                       -31.86247
                   1.143                      -31.848384
                   1.146                       -31.83231
                   1.149                      -31.814085
                   1.152                      -31.793551
                   1.155                      -31.770554
                   1.158                      -31.744949
                   1.161                      -31.716596
                   1.164                      -31.685365
                   1.167                      -31.651134
                    1.17                      -31.613794
                   1.173                      -31.573247
                   1.176                      -31.529407
                   1.179                      -31.482201
                   1.182                      -31.431572
                   1.185                      -31.377476
                   1.188                      -31.319884
                   1.191                      -31.258781
                   1.194                      -31.194171
                   1.197                      -31.126069
                     1.2                      -31.054506
                   1.203                      -30.979529
                   1.206                      -30.901198
                   1.209                      -30.819587
                   1.212                      -30.734779
                   1.215                      -30.646874
                   1.218                      -30.555979
                   1.221                      -30.462212
                   1.224                        -30.3657
                   1.227                      -30.266575
                    1.23                      -30.164979
                   1.233                      -30.061058
                   1.236                       -29.95496
                   1.239                       -29.84684
                   1.242                      -29.736853
                   1.245                      -29.625156
                   1.248                      -29.511905
                   1.251                      -29.397259
                   1.254                      -29.281372
                   1.257                        -29.1644
                    1.26                      -29.046494
                   1.263                      -28.927803
                   1.266                      -28.808474
                   1.269                      -28.688649
                   1.272                      -28.568466
                   1.275                      -28.448061
                   1.278                      -28.327564
                   1.281                        -28.2071
                   1.284                      -28.086791
                   1.287                      -27.966754
                    1.29                      -27.847102
                   1.293                      -27.727943
                   1.296                       -27.60938
                   1.299                      -27.491513
                   1.302                      -27.374436
                   1.305                      -27.258241
                   1.308                      -27.143015
                   1.311                      -27.028841
                   1.314                      -26.915798
                   1.317                      -26.803963
                    1.32                      -26.693407
                   1.323                      -26.584201
                   1.326                      -26.476411
                   1.329                      -26.370099
                   1.332                      -26.265328
                   1.335                      -26.162154
                   1.338                      -26.060634
                   1.341                      -25.960821
                   1.344                      -25.862766
                   1.347                       -25.76652
                    1.35                      -25.672128
                   1.353                      -25.579637
                   1.356                      -25.489091
                   1.359                      -25.400533
                   1.362                      -25.314003
                   1.365                      -25.229542
                   1.368                      -25.147188
                   1.371                      -25.066979
                   1.374                      -24.988951
                   1.377                      -24.913141
                    1.38                      -24.839583
                   1.383                       -24.76831
                   1.386                      -24.699358
                   1.389                      -24.632757
                   1.392                       -24.56854
                   1.395                      -24.506739
                   1.398                      -24.447385
                   1.401                      -24.390508
                   1.404                      -24.336139
                   1.407                      -24.284308
                    1.41                      -24.235044
                   1.413                      -24.188375
                   1.416                      -24.144332
                   1.419                      -24.102943
                   1.422                      -24.064235
                   1.425                      -24.028238
                   1.428                      -23.994979
                   1.431                      -23.964486
                   1.434                      -23.936785
                   1.437                      -23.911904
                    1.44                      -23.889869
                   1.443                      -23.870707
                   1.446                      -23.854443
                   1.449                      -23.841103
                   1.452                      -23.830712
                   1.455                      -23.823293
                   1.458                      -23.818871
                   1.461                      -23.817468
                   1.464                      -23.819105
                   1.467                      -23.823804
                    1.47                      -23.831584
                   1.473                      -23.842463
                   1.476                      -23.856457
                   1.479                      -23.873582
                   1.482                      -23.893849
                   1.485                      -23.917268
                   1.488                      -23.943848
                   1.491                      -23.973593
                   1.494                      -24.006503
                   1.497                      -24.042576
                     1.5                      -24.081805
                   1.503                      -24.124176
                   1.506                      -24.169672
                   1.509                      -24.218269
                   1.512                      -24.269936
                   1.515                      -24.324633
                   1.518                      -24.382312
                   1.521                      -24.442915
                   1.524                      -24.506375
                   1.527                      -24.572609
                    1.53                      -24.641524
                   1.533                      -24.713011
                   1.536                      -24.786943
                   1.539                      -24.863178
                   1.542                      -24.941552
                   1.545                       -25.02188
                   1.548                      -25.103956
                   1.551                      -25.187545
                   1.554                      -25.272387
                   1.557                      -25.358194
                    1.56                      -25.444647
                   1.563                      -25.531392
                   1.566                      -25.618046
                   1.569                      -25.704189
                   1.572                      -25.789366
                   1.575                       -25.87309
                   1.578                      -25.954836
                   1.581                       -26.03405
                   1.584                      -26.110148
                   1.587                      -26.182521
                    1.59                      -26.250537
                   1.593                      -26.313554
                   1.596                       -26.37092
                   1.599                       -26.42199
                   1.602                      -26.466129
                   1.605                      -26.502729
                   1.608                      -26.531215
                   1.611                      -26.551065
                   1.614                      -26.561814
                   1.617                      -26.563071
                    1.62                      -26.554526
                   1.623                       -26.53596
                   1.626                      -26.507249
                   1.629                      -26.468372
                   1.632                      -26.419405
                   1.635                      -26.360526
                   1.638                      -26.292007
                   1.641                      -26.214207
                   1.644                      -26.127564
                   1.647                      -26.032584
                    1.65                      -25.929829
                   1.653                      -25.819906
                   1.656                      -25.703453
                   1.659                      -25.581132
                   1.662                       -25.45361
                   1.665                      -25.321556
                   1.668                      -25.185631
                   1.671                      -25.046478
                   1.674                       -24.90472
                   1.677                      -24.760951
                    1.68                      -24.615736
                   1.683                      -24.469608
                   1.686                      -24.323063
                   1.689                      -24.176568
                   1.692                      -24.030549
                   1.695                      -23.885405
                   1.698                      -23.741496
                   1.701                      -23.599155
                   1.704                      -23.458684
                   1.707                      -23.320358
                    1.71                      -23.184424
                   1.713                      -23.051107
                   1.716                      -22.920609
                   1.719                      -22.793112
                   1.722                      -22.668778
                   1.725                      -22.547754
                   1.728                       -22.43017
                   1.731                      -22.316144
                   1.734                       -22.20578
                   1.737                      -22.099171
                    1.74                      -21.996399
                   1.743                       -21.89754
                   1.746                      -21.802659
                   1.749                      -21.711816
                   1.752                      -21.625062
                   1.755                      -21.542445
                   1.758                      -21.464008
                   1.761                      -21.389787
                   1.764                      -21.319817
                   1.767                      -21.254128
                    1.77                      -21.192747
                   1.773                      -21.135698
                   1.776                      -21.083005
                   1.779                      -21.034685
                   1.782                      -20.990757
                   1.785                      -20.951237
                   1.788                      -20.916139
                   1.791                      -20.885474
                   1.794                      -20.859252
                   1.797                      -20.837482
                     1.8                      -20.820169
                   1.803                      -20.807318
                   1.806                       -20.79893
                   1.809                      -20.795003
                   1.812                      -20.795533
                   1.815                      -20.800513
                   1.818                      -20.809929
                   1.821                      -20.823767
                   1.824                      -20.842004
                   1.827                      -20.864612
                    1.83                      -20.891558
                   1.833                      -20.922798
                   1.836                      -20.958281
                   1.839                      -20.997946
                   1.842                      -21.041718
                   1.845                      -21.089513
                   1.848                      -21.141227
                   1.851                      -21.196742
                   1.854                       -21.25592
                   1.857                      -21.318601
                    1.86                      -21.384602
                   1.863                      -21.453712
                   1.866                       -21.52569
                   1.869                      -21.600262
                   1.872                      -21.677116
                   1.875                      -21.755903
                   1.878                      -21.836228
                   1.881                      -21.917651
                   1.884                       -21.99968
                   1.887                      -22.081772
                    1.89                      -22.163328
                   1.893                      -22.243694
                   1.896                       -22.32216
                   1.899                      -22.397959
                   1.902                      -22.470273
                   1.905                      -22.538238
                   1.908                      -22.600948
                   1.911                       -22.65747
                   1.914                      -22.706852
                   1.917                      -22.748142
                    1.92                      -22.780406
                   1.923                      -22.802745
                   1.926                      -22.814319
                   1.929                      -22.814372
                   1.932                      -22.802249
                   1.935                      -22.777417
                   1.938                      -22.739486
                   1.941                      -22.688216
                   1.944                      -22.623531
                   1.947                      -22.545517
                    1.95                      -22.454422
                   1.953                      -22.350645
                   1.956                      -22.234723
                   1.959                      -22.107316
                   1.962                      -21.969181
                   1.965                      -21.821156
                   1.968                      -21.664136
                   1.971                      -21.499047
                   1.974                      -21.326835
                   1.977                      -21.148438
                    1.98                      -20.964778
                   1.983                      -20.776746
                   1.986                      -20.585192
                   1.989                      -20.390918
                   1.992                      -20.194674
                   1.995                      -19.997153
                   1.998                      -19.798994
                   2.001                      -19.600779
                   2.004                      -19.403034
                   2.007                      -19.206234
                    2.01                      -19.010804
                   2.013                      -18.817123
                   2.016                      -18.625527
                   2.019                       -18.43631
                   2.022                      -18.249734
                   2.025                      -18.066024
                   2.028                      -17.885379
                   2.031                      -17.707968
                   2.034                      -17.533937
                   2.037                      -17.363413
                    2.04                      -17.196502
                   2.043                      -17.033293
                   2.046                      -16.873861
                   2.049                      -16.718268
                   2.052                      -16.566565
                   2.055                      -16.418791
                   2.058                      -16.274979
                   2.061                      -16.135154
                   2.064                      -15.999332
                   2.067                      -15.867527
                    2.07                      -15.739745
                   2.073                      -15.615991
                   2.076                      -15.496264
                   2.079                      -15.380561
                   2.082                      -15.268878
                   2.085                      -15.161206
                   2.088                      -15.057539
                   2.091                      -14.957865
                   2.094                      -14.862174
                   2.097                      -14.770455
                     2.1                      -14.682696
                   2.103                      -14.598884
                   2.106                      -14.519009
                   2.109                      -14.443057
                   2.112                      -14.371019
                   2.115                      -14.302881
                   2.118                      -14.238634
                   2.121                      -14.178268
                   2.124                      -14.121773
                   2.127                       -14.06914
                    2.13                      -14.020361
                   2.133                       -13.97543
                   2.136                       -13.93434
                   2.139                      -13.897085
                   2.142                      -13.863661
                   2.145                      -13.834064
                   2.148                      -13.808293
                   2.151                      -13.786344
                   2.154                      -13.768218
                   2.157                      -13.753914
                    2.16                      -13.743434
                   2.163                       -13.73678
                   2.166                      -13.733954
                   2.169                      -13.734961
                   2.172                      -13.739804
                   2.175                      -13.748489
                   2.178                      -13.761022
                   2.181                       -13.77741
                   2.184                      -13.797659
                   2.187                      -13.821777
                    2.19                      -13.849772
                   2.193                      -13.881652
                   2.196                      -13.917425
                   2.199                        -13.9571
                   2.202                      -14.000683
                   2.205                      -14.048184
                   2.208                      -14.099607
                   2.211                       -14.15496
                   2.214                      -14.214245
                   2.217                      -14.277468
                    2.22                      -14.344627
                   2.223                      -14.415722
                   2.226                      -14.490749
                   2.229                      -14.569699
                   2.232                      -14.652561
                   2.235                      -14.739319
                   2.238                      -14.829949
                   2.241                      -14.924423
                   2.244                      -15.022706
                   2.247                      -15.124752
                    2.25                      -15.230508
                   2.253                      -15.339908
                   2.256                      -15.452873
                   2.259                      -15.569311
                   2.262                      -15.689114
                   2.265                      -15.812153
                   2.268                      -15.938281
                   2.271                      -16.067328
                   2.274                      -16.199097
                   2.277                      -16.333362
                    2.28                      -16.469867
                   2.283                      -16.608321
                   2.286                      -16.748395
                   2.289                      -16.889719
                   2.292                      -17.031879
                   2.295                      -17.174414
                   2.298                      -17.316812
                   2.301                      -17.458512
                   2.304                      -17.598898
                   2.307                      -17.737302
                    2.31                      -17.873002
                   2.313                      -18.005228
                   2.316                      -18.133164
                   2.319                      -18.255956
                   2.322                      -18.372719
                   2.325                      -18.482551
                   2.328                      -18.584545
                   2.331                      -18.677806
                   2.334                      -18.761471
                   2.337                      -18.834726
                    2.34                      -18.896827
                   2.343                      -18.947125
                   2.346                       -18.98508
                   2.349                      -19.010278
                   2.352                      -19.022449
                   2.355                      -19.021472
                   2.358                       -19.00738
                   2.361                      -18.980359
                   2.364                      -18.940741
                   2.367                      -18.888996
                    2.37                      -18.825714
                   2.373                      -18.751586
                   2.376                       -18.66739
                   2.379                      -18.573962
                   2.382                      -18.472182
                   2.385                      -18.362952
                   2.388                       -18.24718
                   2.391                      -18.125762
                   2.394                      -17.999572
                   2.397                      -17.869447
                     2.4                      -17.736187
                   2.403                       -17.60054
                   2.406                      -17.463206
                   2.409                      -17.324831
                   2.412                      -17.186008
                   2.415                      -17.047277
                   2.418                      -16.909127
                   2.421                      -16.771999
                   2.424                      -16.636289
                   2.427                      -16.502348
                    2.43                      -16.370489
                   2.433                      -16.240987
                   2.436                      -16.114086
                   2.439                      -15.989997
                   2.442                      -15.868905
                   2.445                      -15.750972
                   2.448                      -15.636335
                   2.451                      -15.525113
                   2.454                      -15.417407
                   2.457                      -15.313304
                    2.46                      -15.212875
                   2.463                      -15.116179
                   2.466                      -15.023267
                   2.469                      -14.934178
                   2.472                      -14.848944
                   2.475                      -14.767589
                   2.478                      -14.690134
                   2.481                       -14.61659
                   2.484                      -14.546966
                   2.487                      -14.481268
                    2.49                      -14.419497
                   2.493                      -14.361652
                   2.496                      -14.307729
                   2.499                      -14.257722
                   2.502                      -14.211625
                   2.505                      -14.169429
                   2.508                      -14.131125
                   2.511                      -14.096703
                   2.514                      -14.066151
                   2.517                       -14.03946
                    2.52                      -14.016617
                   2.523                      -13.997611
                   2.526                      -13.982432
                   2.529                      -13.971067
                   2.532                      -13.963507
                   2.535                       -13.95974
                   2.538                      -13.959755
                   2.541                      -13.963545
                   2.544                      -13.971098
                   2.547                      -13.982406
                    2.55                      -13.997461
                   2.553                      -14.016254
                   2.556                      -14.038779
                   2.559                      -14.065028
                   2.562                      -14.094995
                   2.565                      -14.128673
                   2.568                      -14.166059
                   2.571                      -14.207145
                   2.574                      -14.251928
                   2.577                      -14.300403
                    2.58                      -14.352566
                   2.583                      -14.408413
                   2.586                       -14.46794
                   2.589                      -14.531142
                   2.592                      -14.598016
                   2.595                      -14.668558
                   2.598                      -14.742764
                   2.601                      -14.820627
                   2.604                      -14.902144
                   2.607                      -14.987306
                    2.61                      -15.076108
                   2.613                      -15.168541
                   2.616                      -15.264595
                   2.619                      -15.364258
                   2.622                      -15.467517
                   2.625                      -15.574357
                   2.628                       -15.68476
                   2.631                      -15.798705
                   2.634                      -15.916168
                   2.637                      -16.037121
                    2.64                      -16.161531
                   2.643                      -16.289363
                   2.646                      -16.420574
                   2.649                      -16.555116
                   2.652                      -16.692935
                   2.655                      -16.833968
                   2.658                      -16.978148
                   2.661                      -17.125394
                   2.664                      -17.275618
                   2.667                       -17.42872
                    2.67                      -17.584591
                   2.673                      -17.743106
                   2.676                      -17.904126
                   2.679                      -18.067499
                   2.682                      -18.233056
                   2.685                      -18.400609
                   2.688                      -18.569953
                   2.691                      -18.740861
                   2.694                      -18.913088
                   2.697                      -19.086363
                     2.7                      -19.260394
                   2.703                      -19.434867
                   2.706                       -19.60944
                   2.709                       -19.78375
                   2.712                      -19.957408
                   2.715                      -20.130003
                   2.718                      -20.301099
                   2.721                      -20.470244
                   2.724                      -20.636966
                   2.727                      -20.800777
                    2.73                      -20.961182
                   2.733                      -21.117678
                   2.736                      -21.269763
                   2.739                       -21.41694
                   2.742                      -21.558728
                   2.745                      -21.694665
                   2.748                      -21.824317
                   2.751                      -21.947289
                   2.754                      -22.063226
                   2.757                      -22.171827
                    2.76                      -22.272849
                   2.763                      -22.366109
                   2.766                      -22.451493
                   2.769                      -22.528957
                   2.772                      -22.598526
                   2.775                      -22.660295
                   2.778                      -22.714429
                   2.781                      -22.761154
                   2.784                      -22.800756
                   2.787                      -22.833576
                    2.79                      -22.859996
                   2.793                      -22.880441
                   2.796                      -22.895363
                   2.799                      -22.905238
                   2.802                      -22.910555
                   2.805                      -22.911811
                   2.808                      -22.909505
                   2.811                       -22.90413
                   2.814                      -22.896169
                   2.817                      -22.886088
                    2.82                      -22.874337
                   2.823                      -22.861344
                   2.826                      -22.847512
                   2.829                      -22.833221
                   2.832                      -22.818824
                   2.835                      -22.804645
                   2.838                      -22.790983
                   2.841                      -22.778111
                   2.844                      -22.766273
                   2.847                      -22.755689
                    2.85                      -22.746552
                   2.853                      -22.739033
                   2.856                      -22.733278
                   2.859                      -22.729411
                   2.862                      -22.727533
                   2.865                      -22.727725
                   2.868                      -22.730049
                   2.871                      -22.734548
                   2.874                      -22.741244
                   2.877                      -22.750144
                    2.88                      -22.761236
                   2.883                      -22.774492
                   2.886                      -22.789869
                   2.889                      -22.807306
                   2.892                       -22.82673
                   2.895                       -22.84805
                   2.898                      -22.871161
                   2.901                      -22.895947
                   2.904                      -22.922274
                   2.907                      -22.949996
                    2.91                      -22.978955
                   2.913                      -23.008979
                   2.916                      -23.039885
                   2.919                      -23.071478
                   2.922                      -23.103551
                   2.925                      -23.135888
                   2.928                      -23.168264
                   2.931                      -23.200445
                   2.934                      -23.232191
                   2.937                      -23.263257
                    2.94                      -23.293392
                   2.943                      -23.322346
                   2.946                      -23.349864
                   2.949                      -23.375697
                   2.952                      -23.399599
                   2.955                      -23.421327
                   2.958                      -23.440651
                   2.961                       -23.45735
                   2.964                      -23.471214
                   2.967                      -23.482052
                    2.97                       -23.48969
                   2.973                      -23.493972
                   2.976                      -23.494766
                   2.979                      -23.491964
                   2.982                      -23.485481
                   2.985                      -23.475258
                   2.988                      -23.461264
                   2.991                      -23.443495
                   2.994                      -23.421971
                   2.997                       -23.39674
                       3                      -23.367878
